 0.2209098781608393E+00  0.2097914341737619E+00  0.1108E-14    0
 0.1722338366727985E+00  0.6961048936129209E+00  0.2404E-13    1
 0.1514838710703517E+00  0.1202157180071607E+01  0.3497E-10    2
 0.1408202768349330E+00  0.1707354636211064E+01  0.2118E-11    3
 0.1341486084570362E+00  0.2211263759873237E+01  0.2797E-12    4
 0.1294834434700408E+00  0.2714278929902467E+01  0.5771E-13    5
 0.1259876598675100E+00  0.3216682732862548E+01  0.1410E-13    6
 0.1232424263289450E+00  0.3718653661112822E+01  0.6590E-14    7
 0.1210125061306805E+00  0.4220306700273352E+01  0.1669E-14    8
 0.1191543912851727E+00  0.4721718762563177E+01  0.1895E-15    9
 0.1175749406148220E+00  0.5222943213245872E+01  0.1721E-15   10
 0.1162107241933864E+00  0.5724018295574140E+01  0.8629E-10   11
 0.1150168535433783E+00  0.6224972189676639E+01  0.5655E-10   12
 0.1139605481282089E+00  0.6725826163434191E+01  0.3831E-10   13
 0.1130172350676160E+00  0.7226596602986350E+01  0.2670E-10   14
 0.1121680821030454E+00  0.7727296361904800E+01  0.1907E-10   15
 0.1113983803460857E+00  0.8227935682361046E+01  0.1391E-10   16
 0.1106964512361909E+00  0.8728522839417629E+01  0.1034E-10   17
 0.1100528880469457E+00  0.9229064601427899E+01  0.7818E-11   18
 0.1094600172857597E+00  0.9729566565382722E+01  0.5993E-11   19
 0.1089115084037951E+00  0.1023003340539391E+02  0.4666E-11   20
 0.1084020858426023E+00  0.1073046905967686E+02  0.3672E-11   21
 0.1079273131397263E+00  0.1123087687323157E+02  0.2922E-11   22
 0.1074834287046812E+00  0.1173125970810633E+02  0.2348E-11   23
 0.1070672192562537E+00  0.1223162002959965E+02  0.1904E-11   24
 0.1066759211191120E+00  0.1273195997436787E+02  0.1560E-11   25
 0.1063071424099053E+00  0.1323228140476046E+02  0.1283E-11   26
 0.1059588010796756E+00  0.1373258595255954E+02  0.1070E-11   27
 0.1056290751297972E+00  0.1423287505448002E+02  0.8916E-12   28
 0.1053163622709532E+00  0.1473314998120643E+02  0.7522E-12   29
 0.1050192469788251E+00  0.1523341186131119E+02  0.6299E-12   30
 0.1047364733942104E+00  0.1573366170108907E+02  0.5356E-12   31
 0.1044669228815887E+00  0.1623390040110685E+02  0.4650E-12   32
 0.1042095953266435E+00  0.1673412877009288E+02  0.3997E-12   33
 0.1039635934586320E+00  0.1723434753665708E+02  0.3399E-12   34
 0.1037281096361486E+00  0.1773455735923251E+02  0.2976E-12   35
 0.1035024146507116E+00  0.1823475883454745E+02  0.2631E-12   36
 0.1032858481948044E+00  0.1873495250487887E+02  0.2282E-12   37
 0.1030778107083367E+00  0.1923513886428894E+02  0.1934E-12   38
 0.1028777563744108E+00  0.1973531836401063E+02  0.1661E-12   39
 0.1026851870782585E+00  0.2023549141711274E+02  0.1574E-12   40
 0.1024996471762011E+00  0.2073565840256021E+02  0.1381E-12   41
 0.1023207189486896E+00  0.2123581966875672E+02  0.1219E-12   42
 0.1021480186347022E+00  0.2173597553664735E+02  0.1095E-12   43
 0.1019811929622645E+00  0.2223612630244498E+02  0.1019E-12   44
 0.1018199161019534E+00  0.2273627224003137E+02  0.8624E-13   45
 0.1016638869850902E+00  0.2323641360308100E+02  0.6936E-13   46
 0.1015128269341922E+00  0.2373655062694006E+02  0.7065E-13   47
 0.1013664775673352E+00  0.2423668353029876E+02  0.6327E-13   48
 0.1012245989347354E+00  0.2473681251667895E+02  0.5867E-13   49
 0.1010869678617390E+00  0.2523693777576310E+02  0.5937E-13   50
 0.1009533764718756E+00  0.2573705948458234E+02  0.4235E-13   51
 0.1008236308599243E+00  0.2623717780858610E+02  0.3845E-13   52
 0.1006975499126567E+00  0.2673729290259333E+02  0.4202E-13   53
 0.1005749642378138E+00  0.2723740491166383E+02  0.3510E-13   54
 0.1004557152110109E+00  0.2773751397187315E+02  0.1864E-13   55
 0.1003396541093816E+00  0.2823762021101582E+02  0.2292E-13   56
 0.1002266413307329E+00  0.2873772374924582E+02  0.2447E-13   57
 0.1001165456835225E+00  0.2923782469965312E+02  0.1559E-13   58
 0.1000092437523229E+00  0.2973792316878445E+02  0.2037E-13   59
 0.9990461931591380E-01  0.3023801925714238E+02  0.1797E-13   60
 0.9980256280026775E-01  0.3073811305958748E+02  0.1860E-13   61
 0.9970297082102619E-01  0.3123820466578066E+02  0.2747E-13   62
 0.9960574573157270E-01  0.3173829416050346E+02  0.1462E-13   63
 0.9951079520896780E-01  0.3223838162401930E+02  0.9854E-14   64
 0.9941803189911934E-01  0.3273846713237683E+02  0.8088E-14   65
 0.9932737307421259E-01  0.3323855075768429E+02  0.1515E-13   66
 0.9923874032621161E-01  0.3373863256836661E+02  0.2101E-13   67
 0.9915205928861277E-01  0.3423871262941812E+02  0.1868E-14   68
 0.9906725933224650E-01  0.3473879100262771E+02  0.7925E-14   69
 0.9898427337005584E-01  0.3523886774670191E+02  0.1049E-14   70
 0.9890303764477563E-01  0.3573894291761639E+02  0.8303E-15   71
 0.9882349145133469E-01  0.3623901656857142E+02  0.1442E-13   72
 0.9874557699523123E-01  0.3673908875038863E+02  0.2968E-14   73
 0.9866923926739542E-01  0.3723915951147401E+02  0.4430E-14   74
 0.9859442577130209E-01  0.3773922889801389E+02  0.2431E-13   75
 0.9852108642635450E-01  0.3823929695413960E+02  0.8320E-14   76
 0.9844917343251111E-01  0.3873936372201981E+02  0.2726E-13   77
 0.9837864113455151E-01  0.3923942924196156E+02  0.1669E-14   78
 0.9830944590764583E-01  0.3973949355250889E+02  0.5965E-14   79
 0.9824154606464307E-01  0.4023955669058626E+02  0.1478E-13   80
 0.9817490164335012E-01  0.4073961869161610E+02  0.1591E-14   81
 0.9810947433150528E-01  0.4123967958935940E+02  0.4545E-14   82
 0.9804522772336594E-01  0.4173973941630531E+02  0.3734E-14   83
 0.9798212647673765E-01  0.4223979820369493E+02  0.7841E-14   84
 0.9792013722528242E-01  0.4273985598129493E+02  0.2087E-14   85
 0.9785922738486709E-01  0.4323991277782873E+02  0.8017E-14   86
 0.9779936619271963E-01  0.4373996862101770E+02  0.7837E-14   87
 0.9774052391941601E-01  0.4424002353714980E+02  0.5077E-14   88
 0.9768267184867425E-01  0.4474007755170744E+02  0.2634E-14   89
 0.9762578251294164E-01  0.4524013068926726E+02  0.4428E-14   90
 0.9756982954192057E-01  0.4574018297341401E+02  0.8875E-14   91
 0.9751478754461516E-01  0.4624023442683046E+02  0.1171E-13   92
 0.9746063206689468E-01  0.4674028507138097E+02  0.5157E-14   93
 0.9740733953202434E-01  0.4724033492815287E+02  0.1027E-13   94
 0.9735488717433333E-01  0.4774038401742320E+02  0.1594E-13   95
 0.9730325313542758E-01  0.4824043235859788E+02  0.2049E-14   96
 0.9725241664434475E-01  0.4874047997054085E+02  0.9249E-14   97
 0.9720235730534375E-01  0.4924052687195081E+02  0.3067E-14   98
 0.9715305494012359E-01  0.4974057307997934E+02  0.1088E-13   99
 0.9710449159345819E-01  0.5024061861144283E+02  0.2369E-13  100
 0.9705664807689197E-01  0.5074066348349499E+02  0.6633E-14  101
 0.9700950761397076E-01  0.5124070771092516E+02  0.9791E-10  102
 0.9696305217098582E-01  0.5174075131008963E+02  0.9463E-10  103
 0.9691726658059807E-01  0.5224079429522397E+02  0.9151E-10  104
 0.9687213367419173E-01  0.5274083668033024E+02  0.8852E-10  105
 0.9682763845096387E-01  0.5324087848030117E+02  0.8564E-10  106
 0.9678376667960631E-01  0.5374091970799930E+02  0.8288E-10  107
 0.9674050351873162E-01  0.5424096037599190E+02  0.8024E-10  108
 0.9669783472410777E-01  0.5474100049710549E+02  0.7770E-10  109
 0.9665574688698245E-01  0.5524104008374691E+02  0.7528E-10  110
 0.9661422708181444E-01  0.5574107914773834E+02  0.7292E-10  111
 0.9657326271240332E-01  0.5624111770047976E+02  0.7068E-10  112
 0.9653284152907224E-01  0.5674115575306271E+02  0.6854E-10  113
 0.9649295161029725E-01  0.5724119331631971E+02  0.6647E-10  114
 0.9645358127210009E-01  0.5774123040077249E+02  0.6448E-10  115
 0.9641471905401566E-01  0.5824126701641607E+02  0.6254E-10  116
 0.9637635413599480E-01  0.5874130317254858E+02  0.6072E-10  117
 0.9633847688544103E-01  0.5924133887857285E+02  0.5895E-10  118
 0.9630107737499669E-01  0.5974137414515820E+02  0.5723E-10  119
 0.9626414358820730E-01  0.6024140898144665E+02  0.5560E-10  120
 0.9622766671010828E-01  0.6074144339342588E+02  0.5401E-10  121
 0.9619163979022123E-01  0.6124147739243200E+02  0.5248E-10  122
 0.9615604919333903E-01  0.6174151098629209E+02  0.5100E-10  123
 0.9612089088691671E-01  0.6224154418072136E+02  0.4958E-10  124
 0.9608615198414992E-01  0.6274157698768838E+02  0.4823E-10  125
 0.9605182830370386E-01  0.6324160940989876E+02  0.4689E-10  126
 0.9601790680599837E-01  0.6374164145922375E+02  0.4563E-10  127
 0.9598438570505223E-01  0.6424167314031786E+02  0.4439E-10  128
 0.9595125106277767E-01  0.6474170445911609E+02  0.4319E-10  129
 0.9591849882279462E-01  0.6524173542717010E+02  0.4205E-10  130
 0.9588612351940219E-01  0.6574176604627839E+02  0.4095E-10  131
 0.9585411369766508E-01  0.6624179632299774E+02  0.3989E-10  132
 0.9582246317275531E-01  0.6674182626706815E+02  0.3887E-10  133
 0.9579116784995288E-01  0.6724185588409631E+02  0.3785E-10  134
 0.9576022115085513E-01  0.6774188517813944E+02  0.3686E-10  135
 0.9572961546398850E-01  0.6824191415461506E+02  0.3593E-10  136
 0.9569934399407086E-01  0.6874194281979683E+02  0.3506E-10  137
 0.9566940079285018E-01  0.6924197117974282E+02  0.3415E-10  138
 0.9563978024402872E-01  0.6974199924004461E+02  0.3333E-10  139
 0.9561047677802392E-01  0.7024202700599916E+02  0.3251E-10  140
 0.9558148480134107E-01  0.7074205448278428E+02  0.3169E-10  141
 0.9555279866302821E-01  0.7124208167547064E+02  0.3090E-10  142
 0.9552441261580009E-01  0.7174210858885729E+02  0.3017E-10  143
 0.9549632106676867E-01  0.7224213522713721E+02  0.2945E-10  144
 0.9546851930514835E-01  0.7274216159390281E+02  0.2874E-10  145
 0.9544100416285360E-01  0.7324218769339500E+02  0.2806E-10  146
 0.9541377231799042E-01  0.7374221353245129E+02  0.2742E-10  147
 0.9538681621071950E-01  0.7424223911853232E+02  0.2675E-10  148
 0.9536012634472879E-01  0.7474226445245917E+02  0.2613E-10  149
 0.9533370300409459E-01  0.7524228953193825E+02  0.2556E-10  150
 0.9530754883010019E-01  0.7574231436866779E+02  0.2495E-10  151
 0.9528164751019209E-01  0.7624233897163450E+02  0.2440E-10  152
 0.9525599662774349E-01  0.7674236332903615E+02  0.2383E-10  153
 0.9523060516308283E-01  0.7724238745782000E+02  0.2330E-10  154
 0.9520544781993878E-01  0.7774241136052149E+02  0.2278E-10  155
 0.9518054141994314E-01  0.7824243502896408E+02  0.2228E-10  156
 0.9515586641542439E-01  0.7874245848758633E+02  0.2178E-10  157
 0.9513142983435233E-01  0.7924248171395770E+02  0.2130E-10  158
 0.9510721916009728E-01  0.7974250473959118E+02  0.2084E-10  159
 0.9508324184659366E-01  0.8024252753946564E+02  0.2039E-10  160
 0.9505947711520180E-01  0.8074255014229489E+02  0.1998E-10  161
 0.9503594680345624E-01  0.8124257253407696E+02  0.1954E-10  162
 0.9501261782409744E-01  0.8174259471983274E+02  0.1912E-10  163
 0.9498951006439921E-01  0.8224261671913926E+02  0.1871E-10  164
 0.9496661718204426E-01  0.8274263850844567E+02  0.1833E-10  165
 0.9494391733587060E-01  0.8324266010656264E+02  0.1795E-10  166
 0.9492142753509633E-01  0.8374268152542876E+02  0.1759E-10  167
 0.9489914721941040E-01  0.8424270274860443E+02  0.1723E-10  168
 0.9487705681410767E-01  0.8474272377927441E+02  0.1685E-10  169
 0.9485515400162974E-01  0.8524274463397452E+02  0.1650E-10  170
 0.9483344712846700E-01  0.8574276531619263E+02  0.1620E-10  171
 0.9481193622850211E-01  0.8624278582018046E+02  0.1585E-10  172
 0.9479061350559423E-01  0.8674280614419783E+02  0.1552E-10  173
 0.9476947182741496E-01  0.8724282629252633E+02  0.1523E-10  174
 0.9474850792381417E-01  0.8774284627087634E+02  0.1492E-10  175
 0.9472772070560766E-01  0.8824286608336178E+02  0.1464E-10  176
 0.9470710920814941E-01  0.8874288573238250E+02  0.1435E-10  177
 0.9468667183246225E-01  0.8924290521958517E+02  0.1406E-10  178
 0.9466640646059614E-01  0.8974292454657837E+02  0.1381E-10  179
 0.9464631082431228E-01  0.9024294371522916E+02  0.1354E-10  180
 0.9462638268783860E-01  0.9074296272775685E+02  0.1330E-10  181
 0.9460661980798026E-01  0.9124298158678317E+02  0.1299E-10  182
 0.9458701959840057E-01  0.9174300029530500E+02  0.1276E-10  183
 0.9456757860072894E-01  0.9224301885627119E+02  0.1256E-10  184
 0.9454829232023255E-01  0.9274303727147748E+02  0.1229E-10  185
 0.9452915646084151E-01  0.9324305554011025E+02  0.1207E-10  186
 0.9451017015797611E-01  0.9374307365899091E+02  0.1183E-10  187
 0.9449133851178253E-01  0.9424309162738359E+02  0.1165E-10  188
 0.9447266754289682E-01  0.9474310945417821E+02  0.1144E-10  189
 0.9445415072321739E-01  0.9524312715495617E+02  0.1123E-10  190
 0.9443576703262505E-01  0.9574314473105541E+02  0.1097E-10  191
 0.9441751055245527E-01  0.9624316216005974E+02  0.1080E-10  192
 0.9439940918737877E-01  0.9674317943634443E+02  0.1063E-10  193
 0.9438146881289186E-01  0.9724319659830704E+02  0.1042E-10  194
 0.9436364275310348E-01  0.9774321365024575E+02  0.1026E-10  195
 0.9434593991181692E-01  0.9824323054191797E+02  0.1005E-10  196
 0.9432840997159363E-01  0.9874324730842699E+02  0.9899E-11  197
 0.9431098995636557E-01  0.9924326398527511E+02  0.9687E-11  198
 0.9429368565601443E-01  0.9974328049550337E+02  0.9514E-11  199
 0.9427655605119607E-01  0.1002432969039520E+03  0.9365E-11  200
 0.9425950342965971E-01  0.1007433132063239E+03  0.9216E-11  201
 0.9424261392189907E-01  0.1012433293471424E+03  0.9060E-11  202
 0.9422583515830306E-01  0.1017433454280984E+03  0.8907E-11  203
 0.9420917192206178E-01  0.1022433613312098E+03  0.8766E-11  204
 0.9419265445545737E-01  0.1027433771797962E+03  0.8594E-11  205
 0.9417622358762483E-01  0.1032433928570497E+03  0.8453E-11  206
 0.9415994854911064E-01  0.1037434084805670E+03  0.8286E-11  207
 0.9414375715805111E-01  0.1042434239314446E+03  0.8155E-11  208
 0.9412770475354539E-01  0.1047434393409583E+03  0.7995E-11  209
 0.9411176348029622E-01  0.1052434545699172E+03  0.7910E-11  210
 0.9409591156299502E-01  0.1057434697610046E+03  0.7781E-11  211
 0.9408022489365558E-01  0.1062434847967394E+03  0.7622E-11  212
 0.9406457727932273E-01  0.1067434997398885E+03  0.7520E-11  213
 0.9404910092747182E-01  0.1072435146159956E+03  0.7392E-11  214
 0.9403371512223557E-01  0.1077435293219197E+03  0.7280E-11  215
 0.9401839496658286E-01  0.1082435439822027E+03  0.7154E-11  216
 0.9400324706901911E-01  0.1087435585470307E+03  0.7030E-11  217
 0.9398817745709645E-01  0.1092435729544021E+03  0.6900E-11  218
 0.9397316787302203E-01  0.1097435873085698E+03  0.6815E-11  219
 0.9395831216519634E-01  0.1102436015941078E+03  0.6718E-11  220
 0.9394357394474773E-01  0.1107436157314203E+03  0.6626E-11  221
 0.9392888457344085E-01  0.1112436297634777E+03  0.6482E-11  222
 0.9391428323201866E-01  0.1117436437496334E+03  0.6426E-11  223
 0.9389982170957149E-01  0.1122436576577216E+03  0.6355E-11  224
 0.9388547661770655E-01  0.1127436714393194E+03  0.6210E-11  225
 0.9387120138483900E-01  0.1132436851044697E+03  0.6118E-11  226
 0.9385699023409939E-01  0.1137436986929152E+03  0.6028E-11  227
 0.9384287007287961E-01  0.1142437122218073E+03  0.5923E-11  228
 0.9382886207842930E-01  0.1147437256782785E+03  0.5864E-11  229
 0.9381496553439043E-01  0.1152437390425444E+03  0.5757E-11  230
 0.9380116676425995E-01  0.1157437523056801E+03  0.5646E-11  231
 0.9378745289792996E-01  0.1162437654709478E+03  0.5579E-11  232
 0.9377381803264567E-01  0.1167437785467140E+03  0.5473E-11  233
 0.9376026219433925E-01  0.1172437915403151E+03  0.5394E-11  234
 0.9374678796489194E-01  0.1177438044558100E+03  0.5359E-11  235
 0.9373339786306371E-01  0.1182438172944932E+03  0.5290E-11  236
 0.9372009333851718E-01  0.1187438300562557E+03  0.5204E-11  237
 0.9370687479148770E-01  0.1192438427407304E+03  0.5066E-11  238
 0.9369374193965643E-01  0.1197438553479170E+03  0.5059E-11  239
 0.9368069417410201E-01  0.1202438678784813E+03  0.4985E-11  240
 0.9366773058839539E-01  0.1207438803338504E+03  0.4894E-11  241
 0.9365484971622101E-01  0.1212438927161626E+03  0.4844E-11  242
 0.9364204900678885E-01  0.1217439050279104E+03  0.4774E-11  243
 0.9362932430497191E-01  0.1222439172709814E+03  0.4676E-11  244
 0.9361666998231039E-01  0.1227439294450277E+03  0.4630E-11  245
 0.9360408069560429E-01  0.1232439415455954E+03  0.4553E-11  246
 0.9359155534652924E-01  0.1237439535638199E+03  0.4467E-11  247
 0.9357910171973065E-01  0.1242439654903442E+03  0.4449E-11  248
 0.9356673694845981E-01  0.1247439773245269E+03  0.4390E-11  249
 0.9355447732436285E-01  0.1252439890837515E+03  0.4284E-11  250
 0.9354231849102737E-01  0.1257440007995464E+03  0.4212E-11  251
 0.9353022446513554E-01  0.1262440124907182E+03  0.4156E-11  252
 0.9351815281107560E-01  0.1267440241309699E+03  0.4134E-11  253
 0.9350611035575143E-01  0.1272440356602312E+03  0.4069E-11  254
 0.9349416822553565E-01  0.1277440470604608E+03  0.4035E-11  255
 0.9348237281585936E-01  0.1282440584075628E+03  0.3938E-11  256
 0.9347064960284845E-01  0.1287440697765849E+03  0.3877E-11  257
 0.9345889874952118E-01  0.1292440810964758E+03  0.3871E-11  258
 0.9344719281142680E-01  0.1297440922469872E+03  0.3809E-11  259
 0.9343566991249685E-01  0.1302441033115455E+03  0.3719E-11  260
 0.9342422511711686E-01  0.1307441144413062E+03  0.3692E-11  261
 0.9341270688299116E-01  0.1312441254969166E+03  0.3640E-11  262
 0.9340130309688031E-01  0.1317441363479678E+03  0.3593E-11  263
 0.9339009250057884E-01  0.1322441472365470E+03  0.3569E-11  264
 0.9337879520952044E-01  0.1327441581504389E+03  0.3489E-11  265
 0.9336755227503175E-01  0.1332441688195095E+03  0.3515E-11  266
 0.9335654483537197E-01  0.1337441795220187E+03  0.3506E-11  267
 0.9334541385250447E-01  0.1342441902577102E+03  0.3339E-11  268
 0.9333439364756144E-01  0.1347442007219875E+03  0.3369E-11  269
 0.9332356101257505E-01  0.1352442113196441E+03  0.3266E-11  270
 0.9331255609570342E-01  0.1357442218011181E+03  0.3183E-11  271
 0.9330183964170732E-01  0.1362442321232189E+03  0.3236E-11  272
 0.9329104607908298E-01  0.1367442426107544E+03  0.3145E-11  273
 0.9328031787011795E-01  0.1372442527722960E+03  0.3152E-11  274
 0.9326976532713821E-01  0.1377442631319938E+03  0.3150E-11  275
 0.9325905958780804E-01  0.1382442732404755E+03  0.3023E-11  276
 0.9324868051603764E-01  0.1387442834182694E+03  0.3020E-11  277
 0.9323805892811746E-01  0.1392442934874891E+03  0.2923E-11  278
 0.9322780495422471E-01  0.1397443035029582E+03  0.2959E-11  279
 0.9321729089059516E-01  0.1402443135017142E+03  0.2855E-11  280
 0.9320715174067644E-01  0.1407443233963391E+03  0.2804E-11  281
 0.9319674143575893E-01  0.1412443332842909E+03  0.2846E-11  282
 0.9318671858245388E-01  0.1417443431040650E+03  0.2752E-11  283
 0.9317641399710616E-01  0.1422443528370860E+03  0.2791E-11  284
 0.9316648514888326E-01  0.1427443626288839E+03  0.2731E-11  285
 0.9315632912920993E-01  0.1432443721725868E+03  0.2724E-11  286
 0.9314642071683411E-01  0.1437443819502421E+03  0.2633E-11  287
 0.9313650106821474E-01  0.1442443913390323E+03  0.2670E-11  288
 0.9312653102941620E-01  0.1447444010088010E+03  0.2595E-11  289
 0.9311687040709646E-01  0.1452444104019044E+03  0.2547E-11  290
 0.9310691932560707E-01  0.1457444197848172E+03  0.2545E-11  291
 0.9309730630802232E-01  0.1462444293026432E+03  0.2494E-11  292
 0.9308765436519065E-01  0.1467444384469927E+03  0.2447E-11  293
 0.9307788056821319E-01  0.1472444478314816E+03  0.2448E-11  294
 0.9306848089856627E-01  0.1477444571145813E+03  0.2430E-11  295
 0.9305889477467730E-01  0.1482444661274288E+03  0.2410E-11  296
 0.9304929903975305E-01  0.1487444754080803E+03  0.2335E-11  297
 0.9304004592504364E-01  0.1492444845403890E+03  0.2299E-11  298
 0.9303062282645004E-01  0.1497444934132110E+03  0.2306E-11  299
 0.9302113510620695E-01  0.1502445025172587E+03  0.2274E-11  300
 0.9301198280967260E-01  0.1507445115916144E+03  0.2258E-11  301
 0.9300281475129341E-01  0.1512445203484388E+03  0.2297E-11  302
 0.9299344646646675E-01  0.1517445291759804E+03  0.2216E-11  303
 0.9298426846850977E-01  0.1522445381779804E+03  0.2115E-11  304
 0.9297533088889472E-01  0.1527445469790568E+03  0.2141E-11  305
 0.9296628037095453E-01  0.1532445555554668E+03  0.2094E-11  306
 0.9295709629027446E-01  0.1537445642355934E+03  0.2087E-11  307
 0.9294808011800690E-01  0.1542445730542966E+03  0.2086E-11  308
 0.9293929362960662E-01  0.1547445817395683E+03  0.2065E-11  309
 0.9293050048679273E-01  0.1552445901940110E+03  0.1989E-11  310
 0.9292156570669816E-01  0.1557445986071325E+03  0.1959E-11  311
 0.9291261910892430E-01  0.1562446071437610E+03  0.1996E-11  312
 0.9290383848341527E-01  0.1567446157432493E+03  0.1928E-11  313
 0.9289523452108507E-01  0.1572446242385059E+03  0.1966E-11  314
 0.9288667792179547E-01  0.1577446325564970E+03  0.1938E-11  315
 0.9287805724102889E-01  0.1582446407652938E+03  0.1903E-11  316
 0.9286937072227031E-01  0.1587446489783355E+03  0.1883E-11  317
 0.9286069695618800E-01  0.1592446572530548E+03  0.1822E-11  318
 0.9285211544607448E-01  0.1597446655669502E+03  0.1885E-11  319
 0.9284365564112153E-01  0.1602446738569855E+03  0.1832E-11  320
 0.9283529645590326E-01  0.1607446820690540E+03  0.1775E-11  321
 0.9282699446566017E-01  0.1612446901826509E+03  0.1707E-11  322
 0.9281871188393133E-01  0.1617446982080875E+03  0.1749E-11  323
 0.9281042989277948E-01  0.1622447061704889E+03  0.1772E-11  324
 0.9280214791921171E-01  0.1627447140946117E+03  0.1735E-11  325
 0.9279387617591189E-01  0.1632447219966672E+03  0.1669E-11  326
 0.9278562782906750E-01  0.1637447298830682E+03  0.1697E-11  327
 0.9277741401886369E-01  0.1642447377529314E+03  0.1675E-11  328
 0.9276924187374674E-01  0.1647447456016073E+03  0.1677E-11  329
 0.9276111478778795E-01  0.1652447534234181E+03  0.1609E-11  330
 0.9275303350880083E-01  0.1657447612133650E+03  0.1591E-11  331
 0.9274499742691635E-01  0.1662447689677421E+03  0.1626E-11  332
 0.9273700565146813E-01  0.1667447766842605E+03  0.1604E-11  333
 0.9272905762161468E-01  0.1672447843619609E+03  0.1579E-11  334
 0.9272115345448288E-01  0.1677447920011237E+03  0.1583E-11  335
 0.9271329392281516E-01  0.1682447996033597E+03  0.1539E-11  336
 0.9270548008554966E-01  0.1687448071718570E+03  0.1536E-11  337
 0.9269771246618112E-01  0.1692448147116126E+03  0.1542E-11  338
 0.9268998976637277E-01  0.1697448222293729E+03  0.1570E-11  339
 0.9268230730579052E-01  0.1702448297327968E+03  0.1494E-11  340
 0.9267465546925069E-01  0.1707448372283989E+03  0.1459E-11  341
 0.9266701950177375E-01  0.1712448447179424E+03  0.1414E-11  342
 0.9265938183742657E-01  0.1717448521940150E+03  0.1493E-11  343
 0.9265172846355717E-01  0.1722448596366564E+03  0.1409E-11  344
 0.9264405867482742E-01  0.1727448670147501E+03  0.1368E-11  345
 0.9263639492065423E-01  0.1732448742958014E+03  0.1390E-11  346
 0.9262878453001100E-01  0.1737448814647656E+03  0.1361E-11  347
 0.9262128473551678E-01  0.1742448885449972E+03  0.1349E-11  348
 0.9261392866993935E-01  0.1747448956047928E+03  0.1332E-11  349
 0.9260668742927644E-01  0.1752449027315907E+03  0.1368E-11  350
 0.9259946118784466E-01  0.1757449099720635E+03  0.1289E-11  351
 0.9259213091198901E-01  0.1762449172729242E+03  0.1346E-11  352
 0.9258465954852300E-01  0.1767449244858995E+03  0.1292E-11  353
 0.9257716233471168E-01  0.1772449314756431E+03  0.1286E-11  354
 0.9256984302486593E-01  0.1777449382688012E+03  0.1283E-11  355
 0.9256279369795532E-01  0.1782449450825077E+03  0.1293E-11  356
 0.9255584480102752E-01  0.1787449521251516E+03  0.1241E-11  357
 0.9254870145813447E-01  0.1792449593239706E+03  0.1232E-11  358
 0.9254131188711663E-01  0.1797449663417293E+03  0.1202E-11  359
 0.9253401081864174E-01  0.1802449729954440E+03  0.1157E-11  360
 0.9252710380720865E-01  0.1807449795801725E+03  0.1177E-11  361
 0.9252036113421327E-01  0.1812449865066357E+03  0.1091E-11  362
 0.9251328697068713E-01  0.1817449936229290E+03  0.1168E-11  363
 0.9250595555384782E-01  0.1822450003651477E+03  0.1157E-11  364
 0.9249898862888280E-01  0.1827450067394919E+03  0.1080E-11  365
 0.9249243103770098E-01  0.1832450134221054E+03  0.1159E-11  366
 0.9248555098448981E-01  0.1837450204848537E+03  0.1181E-11  367
 0.9247828154791245E-01  0.1842450271357472E+03  0.1139E-11  368
 0.9247147926078844E-01  0.1847450333529918E+03  0.1127E-11  369
 0.9246507272737577E-01  0.1852450400550306E+03  0.1071E-11  370
 0.9245809972199326E-01  0.1857450470220011E+03  0.1140E-11  371
 0.9245098671631247E-01  0.1862450532897649E+03  0.1142E-11  372
 0.9244462653376236E-01  0.1867450595407621E+03  0.1049E-11  373
 0.9243805979980615E-01  0.1872450664870172E+03  0.1067E-11  374
 0.9243089414941735E-01  0.1877450729245842E+03  0.1107E-11  375
 0.9242446722569675E-01  0.1882450789237209E+03  0.9815E-12  376
 0.9241814708970077E-01  0.1887450857495053E+03  0.9820E-12  377
 0.9241102843963034E-01  0.1892450922200433E+03  0.9457E-12  378
 0.9240465655855970E-01  0.1897450980920120E+03  0.1013E-11  379
 0.9239841655265092E-01  0.1902451048867426E+03  0.9611E-12  380
 0.9239133354343752E-01  0.1907451111907872E+03  0.1031E-11  381
 0.9238520062420950E-01  0.1912451170439846E+03  0.9924E-12  382
 0.9237882647629375E-01  0.1917451238882870E+03  0.9795E-12  383
 0.9237188235443386E-01  0.1922451298054554E+03  0.9286E-12  384
 0.9236605594303569E-01  0.1927451359092743E+03  0.1031E-11  385
 0.9235928860315319E-01  0.1932451426014272E+03  0.9389E-12  386
 0.9235288425723456E-01  0.1937451481456069E+03  0.8809E-12  387
 0.9234695073958693E-01  0.1942451547843587E+03  0.8810E-12  388
 0.9233999724516596E-01  0.1947451607438660E+03  0.8825E-12  389
 0.9233432957821459E-01  0.1952451666442795E+03  0.9000E-12  390
 0.9232760424025885E-01  0.1957451732244891E+03  0.8524E-12  391
 0.9232152043805168E-01  0.1962451786177161E+03  0.8581E-12  392
 0.9231543105690784E-01  0.1967451853321962E+03  0.8074E-12  393
 0.9230882753381030E-01  0.1972451907634465E+03  0.9219E-12  394
 0.9230323691087107E-01  0.1977451971566047E+03  0.8757E-12  395
 0.9229638412828034E-01  0.1982452029240295E+03  0.7936E-12  396
 0.9229098506990954E-01  0.1987452088632969E+03  0.7947E-12  397
 0.9228415503876548E-01  0.1992452149688567E+03  0.8091E-12  398
 0.9227874433198018E-01  0.1997452205384725E+03  0.8149E-12  399
 0.9227205986088631E-01  0.2002452268574998E+03  0.7810E-12  400
 0.9226658558533030E-01  0.2007452321926521E+03  0.8586E-12  401
 0.9226004019246539E-01  0.2012452386004575E+03  0.8573E-12  402
 0.9225454866402989E-01  0.2017452438101547E+03  0.9063E-12  403
 0.9224806842758894E-01  0.2022452502144434E+03  0.9264E-12  404
 0.9224264699183961E-01  0.2027452553829990E+03  0.8826E-12  405
 0.9223613939654625E-01  0.2032452617000057E+03  0.8239E-12  406
 0.9223087304148866E-01  0.2037452669229523E+03  0.7211E-12  407
 0.9222427077179446E-01  0.2042452730386390E+03  0.7962E-12  408
 0.9221919117312530E-01  0.2047452784552673E+03  0.7642E-12  409
 0.9221251539242306E-01  0.2052452842100054E+03  0.8285E-12  410
 0.9220752573483369E-01  0.2057452899880121E+03  0.7197E-12  411
 0.9220096379731821E-01  0.2062452952373081E+03  0.6521E-12  412
 0.9219577990195077E-01  0.2067453014544968E+03  0.7307E-12  413
 0.9218969007193904E-01  0.2072453062463456E+03  0.7845E-12  414
 0.9218393472802447E-01  0.2077453126757480E+03  0.7797E-12  415
 0.9217861231968674E-01  0.2082453174471569E+03  0.7674E-12  416
 0.9217219907661030E-01  0.2087453234723072E+03  0.6759E-12  417
 0.9216739675113848E-01  0.2092453289062851E+03  0.7349E-12  418
 0.9216095993112083E-01  0.2097453339845929E+03  0.7205E-12  419
 0.9215573850757360E-01  0.2102453402326305E+03  0.6732E-12  420
 0.9215025477236530E-01  0.2107453448032315E+03  0.7223E-12  421
 0.9214400567159634E-01  0.2112453508362972E+03  0.6846E-12  422
 0.9213932103312211E-01  0.2117453562140483E+03  0.6330E-12  423
 0.9213308749630197E-01  0.2122453610207953E+03  0.6866E-12  424
 0.9212761806782313E-01  0.2127453672858969E+03  0.6751E-12  425
 0.9212270849871741E-01  0.2132453719793789E+03  0.6773E-12  426
 0.9211631289952533E-01  0.2137453772872882E+03  0.6413E-12  427
 0.9211137744916681E-01  0.2142453833190899E+03  0.6963E-12  428
 0.9210616480137689E-01  0.2147453877526046E+03  0.6226E-12  429
 0.9209987376702203E-01  0.2152453933224272E+03  0.7407E-12  430
 0.9209515628942662E-01  0.2157453991412138E+03  0.6325E-12  431
 0.9208987266693681E-01  0.2162454034950483E+03  0.6702E-12  432
 0.9208365242524474E-01  0.2167454090425241E+03  0.6570E-12  433
 0.9207894940087982E-01  0.2172454148508746E+03  0.5875E-12  434
 0.9207387110140255E-01  0.2177454191893549E+03  0.6351E-12  435
 0.9206765587328390E-01  0.2182454244413614E+03  0.6175E-12  436
 0.9206273268431664E-01  0.2187454303942952E+03  0.6258E-12  437
 0.9205807047441636E-01  0.2192454349104918E+03  0.6497E-12  438
 0.9205202373243036E-01  0.2197454396069064E+03  0.5576E-12  439
 0.9204655616711728E-01  0.2202454455603456E+03  0.5454E-12  440
 0.9204219054028419E-01  0.2207454506630928E+03  0.6137E-12  441
 0.9203682436659232E-01  0.2212454548752241E+03  0.6214E-12  442
 0.9203080311518366E-01  0.2217454602004990E+03  0.5493E-12  443
 0.9202598649705603E-01  0.2222454660091664E+03  0.5467E-12  444
 0.9202155329113780E-01  0.2227454705949478E+03  0.6203E-12  445
 0.9201593639796912E-01  0.2232454748900747E+03  0.5987E-12  446
 0.9201011235214578E-01  0.2237454803505557E+03  0.5281E-12  447
 0.9200545929071992E-01  0.2242454860097930E+03  0.6048E-12  448
 0.9200106698908746E-01  0.2247454905351389E+03  0.4857E-12  449
 0.9199562128743737E-01  0.2252454947381936E+03  0.5376E-12  450
 0.9198979558291506E-01  0.2257454999321468E+03  0.5855E-12  451
 0.9198490671153363E-01  0.2262455056190496E+03  0.5748E-12  452
 0.9198066666408750E-01  0.2267455104892749E+03  0.5263E-12  453
 0.9197580161858589E-01  0.2272455145918668E+03  0.5535E-12  454
 0.9197010386233208E-01  0.2277455191182592E+03  0.5827E-12  455
 0.9196462097766919E-01  0.2282455245316460E+03  0.5289E-12  456
 0.9196004394014930E-01  0.2287455299983833E+03  0.5013E-12  457
 0.9195582094875888E-01  0.2292455346587664E+03  0.4745E-12  458
 0.9195101577361069E-01  0.2297455387321225E+03  0.4911E-12  459
 0.9194549988029299E-01  0.2302455431122917E+03  0.5429E-12  460
 0.9193999558526716E-01  0.2307455482399260E+03  0.5037E-12  461
 0.9193516178755813E-01  0.2312455536771348E+03  0.5640E-12  462
 0.9193091117600892E-01  0.2317455586911983E+03  0.4607E-12  463
 0.9192660649963535E-01  0.2322455630269358E+03  0.4799E-12  464
 0.9192174426973412E-01  0.2327455670738996E+03  0.5364E-12  465
 0.9191638069376247E-01  0.2332455714181259E+03  0.5006E-12  466
 0.9191099261325278E-01  0.2337455763190456E+03  0.4478E-12  467
 0.9190602977220838E-01  0.2342455815605004E+03  0.4158E-12  468
 0.9190158617553743E-01  0.2347455866950064E+03  0.4779E-12  469
 0.9189739987326781E-01  0.2352455913974112E+03  0.5234E-12  470
 0.9189309144710803E-01  0.2357455956532440E+03  0.4342E-12  471
 0.9188841767995654E-01  0.2362455997058736E+03  0.5561E-12  472
 0.9188338146749409E-01  0.2367456038655197E+03  0.4484E-12  473
 0.9187817735683620E-01  0.2372456083315653E+03  0.4452E-12  474
 0.9187305384404651E-01  0.2377456131194255E+03  0.4743E-12  475
 0.9186818794994811E-01  0.2382456180960879E+03  0.4490E-12  476
 0.9186362771120749E-01  0.2387456230716468E+03  0.5164E-12  477
 0.9185930575196583E-01  0.2392456278875271E+03  0.4708E-12  478
 0.9185509327751448E-01  0.2397456324654390E+03  0.4182E-12  479
 0.9185085953085706E-01  0.2402456368117530E+03  0.4432E-12  480
 0.9184651242028320E-01  0.2407456409918354E+03  0.5238E-12  481
 0.9184201335775698E-01  0.2412456450943952E+03  0.4177E-12  482
 0.9183737117749673E-01  0.2417456492011781E+03  0.4178E-12  483
 0.9183262529341868E-01  0.2422456533693285E+03  0.4405E-12  484
 0.9182782692480969E-01  0.2427456576263099E+03  0.4142E-12  485
 0.9182302439859706E-01  0.2432456619739875E+03  0.4064E-12  486
 0.9181825464275402E-01  0.2437456663968707E+03  0.3943E-12  487
 0.9181354032937325E-01  0.2442456708708848E+03  0.4185E-12  488
 0.9180889094458616E-01  0.2447456753704635E+03  0.4140E-12  489
 0.9180430593111290E-01  0.2452456798731303E+03  0.3924E-12  490
 0.9179977839189173E-01  0.2457456843615131E+03  0.4172E-12  491
 0.9179529821084319E-01  0.2462456888238281E+03  0.4137E-12  492
 0.9179085465104982E-01  0.2467456932531064E+03  0.4125E-12  493
 0.9178643774708008E-01  0.2472456976459722E+03  0.4142E-12  494
 0.9178203924427339E-01  0.2477457020013547E+03  0.3830E-12  495
 0.9177765289819763E-01  0.2482457063193626E+03  0.3818E-12  496
 0.9177327460817090E-01  0.2487457106003671E+03  0.4358E-12  497
 0.9176890232002730E-01  0.2492457148444500E+03  0.4107E-12  498
 0.9176453607581093E-01  0.2497457190511275E+03  0.3580E-12  499
 0.9176017807237789E-01  0.2502457232193840E+03  0.3518E-12  500
 0.9175583276679053E-01  0.2507457273479608E+03  0.3729E-12  501
 0.9175150705564887E-01  0.2512457314360595E+03  0.3673E-12  502
 0.9174721022569347E-01  0.2517457354842730E+03  0.3375E-12  503
 0.9174295362957076E-01  0.2522457394960333E+03  0.3877E-12  504
 0.9173874984250455E-01  0.2527457434790291E+03  0.3833E-12  505
 0.9173461078486619E-01  0.2532457474467078E+03  0.4383E-12  506
 0.9173054499345422E-01  0.2537457514191631E+03  0.3496E-12  507
 0.9172655379004191E-01  0.2542457554229218E+03  0.3625E-12  508
 0.9172262698600563E-01  0.2547457594884884E+03  0.3395E-12  509
 0.9171873908183621E-01  0.2552457636453957E+03  0.3116E-12  510
 0.9171484749339498E-01  0.2557457679140837E+03  0.4050E-12  511
 0.9171089538798949E-01  0.2562457722957391E+03  0.3289E-12  512
 0.9170682052635099E-01  0.2567457767622462E+03  0.2988E-12  513
 0.9170257168057791E-01  0.2572457812506050E+03  0.4686E-12  514
 0.9169812981873966E-01  0.2577457856661164E+03  0.2577E-12  515
 0.9169352917774638E-01  0.2582457899007222E+03  0.2746E-12  516
 0.9168886803948895E-01  0.2587457938650500E+03  0.3235E-12  517
 0.9168429795170166E-01  0.2592457975300952E+03  0.5363E-12  518
 0.9167998449509276E-01  0.2597458009623335E+03  0.1966E-12  519
 0.9167604208683841E-01  0.2602458043316830E+03  0.4307E-12  520
 0.9167246482210031E-01  0.2607458078718630E+03  0.3149E-12  521
 0.9166908805298593E-01  0.2612458117912770E+03  0.4418E-12  522
 0.9166562024560644E-01  0.2617458161596371E+03  0.3536E-12  523
 0.9166175888421864E-01  0.2622458208280447E+03  0.2452E-12  524
 0.9165735844497970E-01  0.2627458254485556E+03  0.3136E-12  525
 0.9165256155645023E-01  0.2632458296255941E+03  0.1986E-12  526
 0.9164778722911325E-01  0.2637458331530925E+03  0.3741E-12  527
 0.9164352338435046E-01  0.2642458362012993E+03  0.1986E-12  528
 0.9164000048779648E-01  0.2647458392913147E+03  0.3345E-12  529
 0.9163695927058599E-01  0.2652458429928198E+03  0.2899E-12  530
 0.9163373994449506E-01  0.2657458474917910E+03  0.4412E-12  531
 0.9162973346851674E-01  0.2662458523540067E+03  0.3901E-12  532
 0.9162491341795109E-01  0.2667458567651970E+03  0.3541E-12  533
 0.9161997986264107E-01  0.2672458601841679E+03  0.2853E-12  534
 0.9161584526986308E-01  0.2677458629053156E+03  0.3607E-12  535
 0.9161277902696323E-01  0.2682458659294508E+03  0.3059E-12  536
 0.9161001284926847E-01  0.2687458700679065E+03  0.3190E-12  537
 0.9160637762529782E-01  0.2692458750428286E+03  0.3296E-12  538
 0.9160153371970654E-01  0.2697458796098538E+03  0.2050E-12  539
 0.9159650075789288E-01  0.2702458828359167E+03  0.3070E-12  540
 0.9159265174251704E-01  0.2707458852700383E+03  0.4350E-12  541
 0.9159005538153513E-01  0.2712458884892916E+03  0.2465E-12  542
 0.9158719186396552E-01  0.2717458932142637E+03  0.3460E-12  543
 0.9158275696706894E-01  0.2722458982208162E+03  0.4540E-12  544
 0.9157749754897296E-01  0.2727459017622616E+03  0.4132E-12  545
 0.9157342220603229E-01  0.2732459039983403E+03  0.2519E-12  546
 0.9157099712801894E-01  0.2737459070115883E+03  0.3550E-12  547
 0.9156823707511383E-01  0.2742459118739579E+03  0.2777E-12  548
 0.9156352650353181E-01  0.2747459168358155E+03  0.3071E-12  549
 0.9155828137062069E-01  0.2752459198234724E+03  0.3002E-12  550
 0.9155494034392082E-01  0.2757459218617337E+03  0.3212E-12  551
 0.9155289247391488E-01  0.2762459256652106E+03  0.3973E-12  552
 0.9154922256187376E-01  0.2767459310320698E+03  0.2341E-12  553
 0.9154374959468872E-01  0.2772459349020660E+03  0.3361E-12  554
 0.9153964449443634E-01  0.2777459367537315E+03  0.1086E-11  555
 0.9153771470567929E-01  0.2782459398549404E+03  0.3064E-12  556
 0.9153459490378044E-01  0.2787459452352547E+03  0.4103E-12  557
 0.9152909996347551E-01  0.2792459494159498E+03  0.2206E-12  558
 0.9152485221862806E-01  0.2797459511333257E+03  0.2222E-12  559
 0.9152310476876951E-01  0.2802459541874069E+03  0.2766E-12  560
 0.9151984943860612E-01  0.2807459597194776E+03  0.2135E-12  561
 0.9151417057114970E-01  0.2812459634911119E+03  0.2080E-12  562
 0.9151054285626881E-01  0.2817459649430972E+03  0.2559E-12  563
 0.9150902149697419E-01  0.2822459687609559E+03  0.2491E-12  564
 0.9150478104794262E-01  0.2827459743410315E+03  0.3105E-12  565
 0.9149923440519990E-01  0.2832459768423254E+03  0.1673E-12  566
 0.9149704858323290E-01  0.2837459786191837E+03  0.2478E-12  567
 0.9149484422927735E-01  0.2842459839001266E+03  0.2104E-12  568
 0.9148916033033559E-01  0.2847459882833784E+03  0.2803E-12  569
 0.9148530025964649E-01  0.2852459894459776E+03  0.2666E-12  570
 0.9148407346932139E-01  0.2857459933159113E+03  0.3678E-12  571
 0.9147938759513249E-01  0.2862459988805886E+03  0.3364E-12  572
 0.9147422972484656E-01  0.2867460005125562E+03  0.7328E-12  573
 0.9147301142794477E-01  0.2872460030808093E+03  0.3931E-12  574
 0.9146941247645739E-01  0.2877460090087789E+03  0.2296E-12  575
 0.9146361754088476E-01  0.2882460113308983E+03  0.2257E-12  576
 0.9146210787195501E-01  0.2887460131159112E+03  0.1356E-12  577
 0.9145919477516395E-01  0.2892460190561459E+03  0.2236E-12  578
 0.9145316414444302E-01  0.2897460217710207E+03  0.1865E-12  579
 0.9145154505088358E-01  0.2902460232318015E+03  0.1527E-12  580
 0.9144881434587440E-01  0.2907460292109241E+03  0.1932E-12  581
 0.9144272567425256E-01  0.2912460318278758E+03  0.2815E-12  582
 0.9144136628960159E-01  0.2917460333616256E+03  0.2521E-12  583
 0.9143826881230255E-01  0.2922460394958528E+03  0.2408E-12  584
 0.9143234708143136E-01  0.2927460414810258E+03  0.1167E-12  585
 0.9143153685181710E-01  0.2932460436159552E+03  0.3070E-12  586
 0.9142745286080954E-01  0.2937460497652129E+03  0.2383E-12  587
 0.9142227302537582E-01  0.2942460507436066E+03  0.2280E-12  588
 0.9142184356374437E-01  0.2947460542262781E+03  0.2330E-12  589
 0.9141632659256603E-01  0.2952460596382581E+03  0.2529E-12  590
 0.9141286702530284E-01  0.2957460598965279E+03  0.1656E-12  591
 0.9141174660032432E-01  0.2962460652645148E+03  0.3351E-12  592
 0.9140529079313719E-01  0.2967460686182332E+03  0.2198E-12  593
 0.9140417163227102E-01  0.2972460696907925E+03  0.2386E-12  594
 0.9140062607295064E-01  0.2977460761030327E+03  0.1916E-12  595
 0.9139537731357449E-01  0.2982460767991963E+03  0.2378E-12  596
 0.9139518112612618E-01  0.2987460808125654E+03  0.1037E-12  597
 0.9138889631986717E-01  0.2992460853809448E+03  0.2150E-12  598
 0.9138717910514689E-01  0.2997460857336373E+03  0.1399E-12  599
 0.9138425868552648E-01  0.3002460922445326E+03  0.2895E-12  600
 0.9137877509002695E-01  0.3007460929267867E+03  0.2531E-12  601
 0.9137873553988132E-01  0.3012460970582810E+03  0.2070E-12  602
 0.9137218475877022E-01  0.3017461011846859E+03  0.2018E-12  603
 0.9137127990224768E-01  0.3022461018785707E+03  0.1899E-12  604
 0.9136717903180816E-01  0.3027461084169979E+03  0.3913E-12  605
 0.9136307396114562E-01  0.3032461082006249E+03  0.2026E-12  606
 0.9136214600579233E-01  0.3037461140164991E+03  0.1444E-12  607
 0.9135564522002639E-01  0.3042461157778619E+03  0.1696E-12  608
 0.9135599481406731E-01  0.3047461188361634E+03  0.2220E-12  609
 0.9134950049851184E-01  0.3052461234871444E+03  0.2846E-12  610
 0.9134877172360313E-01  0.3057461239655465E+03  0.1922E-12  611
 0.9134418638287410E-01  0.3062461304811945E+03  0.2758E-12  612
 0.9134114688679097E-01  0.3067461299124539E+03  0.1772E-12  613
 0.9133898883345158E-01  0.3072461365919672E+03  0.2800E-12  614
 0.9133374596374856E-01  0.3077461365707288E+03  0.1913E-12  615
 0.9133344252492595E-01  0.3082461421087521E+03  0.2349E-12  616
 0.9132685082232114E-01  0.3087461435644694E+03  0.1220E-12  617
 0.9132743494236255E-01  0.3092461474180578E+03  0.1608E-12  618
 0.9132043930943246E-01  0.3097461505508516E+03  0.2458E-12  619
 0.9132107962664757E-01  0.3102461527902990E+03  0.2046E-12  620
 0.9131434633845242E-01  0.3107461573414876E+03  0.3161E-12  621
 0.9131455905455249E-01  0.3112461583372483E+03  0.1967E-12  622
 0.9130839456814065E-01  0.3117461638886887E+03  0.1796E-12  623
 0.9130802993842999E-01  0.3122461640595942E+03  0.1390E-12  624
 0.9130245342106048E-01  0.3127461702235555E+03  0.2315E-12  625
 0.9130159425150014E-01  0.3132461699099561E+03  0.1206E-12  626
 0.9129644616827776E-01  0.3137461763991663E+03  0.1411E-12  627
 0.9129530628153820E-01  0.3142461758390128E+03  0.1562E-12  628
 0.9129033562803768E-01  0.3147461824561486E+03  0.1941E-12  629
 0.9128918898609582E-01  0.3152461818200559E+03  0.1202E-12  630
 0.9128410966239671E-01  0.3157461884057898E+03  0.2369E-12  631
 0.9128324395225153E-01  0.3162461878591606E+03  0.7850E-13  632
 0.9127777681429373E-01  0.3167461942254920E+03  0.4974E-13  633
 0.9127744928647659E-01  0.3172461939953188E+03  0.3221E-12  634
 0.9127137491189627E-01  0.3177461998631009E+03  0.1311E-12  635
 0.9127174543385498E-01  0.3182462002901645E+03  0.2585E-12  636
 0.9126498985703753E-01  0.3187462052552344E+03  0.1873E-12  637
 0.9126601492889763E-01  0.3192462067996476E+03  0.1621E-12  638
 0.9125877202270277E-01  0.3197462103674292E+03  0.1239E-12  639
 0.9126007571551599E-01  0.3202462135205364E+03  0.1231E-12  640
 0.9125292617025657E-01  0.3207462152602544E+03  0.8255E-13  641
 0.9125371715399648E-01  0.3212462203177439E+03  0.1663E-12  642
 0.9124763997742009E-01  0.3217462201592884E+03  0.1052E-12  643
 0.9124681250905012E-01  0.3222462268718231E+03  0.1137E-12  644
 0.9124293141985711E-01  0.3227462254673617E+03  0.1236E-12  645
 0.9123949949451027E-01  0.3232462327325114E+03  0.1645E-12  646
 0.9123846560228695E-01  0.3237462316211495E+03  0.2227E-12  647
 0.9123232342081755E-01  0.3242462375655738E+03  0.1786E-12  648
 0.9123351205348128E-01  0.3247462387446536E+03  0.1810E-12  649
 0.9122611724871280E-01  0.3252462415619895E+03  0.1391E-12  650
 0.9122728099731371E-01  0.3257462462580610E+03  0.1255E-12  651
 0.9122143234289053E-01  0.3262462456969400E+03  0.1402E-12  652
 0.9121967385752938E-01  0.3267462528942536E+03  0.1095E-12  653
 0.9121773957352119E-01  0.3272462513084122E+03  0.8984E-13  654
 0.9121189999145296E-01  0.3277462575791587E+03  0.7790E-13  655
 0.9121327837037407E-01  0.3282462588265042E+03  0.1311E-12  656
 0.9120591209076945E-01  0.3287462608357876E+03  0.1641E-12  657
 0.9120645621585190E-01  0.3292462666718009E+03  0.2407E-12  658
 0.9120233241968059E-01  0.3297462650681151E+03  0.1324E-12  659
 0.9119807990769022E-01  0.3302462722337829E+03  0.2404E-12  660
 0.9119886391285234E-01  0.3307462722080734E+03  0.1199E-12  661
 0.9119141080798412E-01  0.3312462751465870E+03  0.7722E-13  662
 0.9119236002879011E-01  0.3317462805561328E+03  0.9740E-13  663
 0.9118814736520454E-01  0.3322462789088224E+03  0.6783E-13  664
 0.9118361390833242E-01  0.3327462859787549E+03  0.1712E-12  665
 0.9118487208427309E-01  0.3332462865239752E+03  0.1730E-12  666
 0.9117752036759852E-01  0.3337462882590167E+03  0.2147E-12  667
 0.9117740150876998E-01  0.3342462948001930E+03  0.1737E-12  668
 0.9117523307640044E-01  0.3347462929203838E+03  0.1649E-12  669
 0.9116875726240417E-01  0.3352462985223684E+03  0.1213E-12  670
 0.9117060058273281E-01  0.3357463018376129E+03  0.1220E-12  671
 0.9116503845535691E-01  0.3362463007947078E+03  0.1372E-12  672
 0.9116137587433909E-01  0.3367463081043063E+03  0.1112E-12  673
 0.9116262962977974E-01  0.3372463084163348E+03  0.7047E-13  674
 0.9115542263696649E-01  0.3377463096158924E+03  0.1980E-12  675
 0.9115433489998644E-01  0.3382463166939698E+03  0.1320E-12  676
 0.9115397008913684E-01  0.3387463153435194E+03  0.8134E-13  677
 0.9114656068744047E-01  0.3392463185885251E+03  0.1233E-12  678
 0.9114704290531121E-01  0.3397463246819887E+03  0.1614E-12  679
 0.9114522264091501E-01  0.3402463227458886E+03  0.9722E-13  680
 0.9113817292662652E-01  0.3407463272591959E+03  0.1897E-12  681
 0.9113936994620281E-01  0.3412463325090514E+03  0.2035E-12  682
 0.9113674251157677E-01  0.3417463304660660E+03  0.1788E-12  683
 0.9112997216202778E-01  0.3422463354795539E+03  0.1229E-12  684
 0.9113135676451188E-01  0.3427463404295430E+03  0.8444E-13  685
 0.9112866754928632E-01  0.3432463383725200E+03  0.1092E-12  686
 0.9112183690948417E-01  0.3437463432179227E+03  0.9262E-13  687
 0.9112301186542052E-01  0.3442463485019036E+03  0.1584E-12  688
 0.9112100311897406E-01  0.3447463464848424E+03  0.8778E-13  689
 0.9111384914742923E-01  0.3452463504677830E+03  0.2548E-12  690
 0.9111426540729721E-01  0.3457463565914517E+03  0.1139E-12  691
 0.9111360823079549E-01  0.3462463549750842E+03  0.4677E-12  692
 0.9110628878494943E-01  0.3467463573124730E+03  0.1790E-12  693
 0.9110508401146919E-01  0.3472463643360074E+03  0.5179E-13  694
 0.9110608585112842E-01  0.3477463640314306E+03  0.1020E-12  695
 0.9109951661129928E-01  0.3482463641246807E+03  0.6643E-13  696
 0.9109575400007823E-01  0.3487463712034703E+03  0.1496E-12  697
 0.9109775011665877E-01  0.3492463735079113E+03  0.5904E-13  698
 0.9109357462756462E-01  0.3497463717142959E+03  0.1334E-12  699
 0.9108716930884821E-01  0.3502463769163189E+03  0.7820E-13  700
 0.9108804936423356E-01  0.3507463824749120E+03  0.2027E-12  701
 0.9108755224260594E-01  0.3512463809381293E+03  0.7024E-13  702
 0.9108051703192696E-01  0.3517463822972102E+03  0.2575E-12  703
 0.9107763983871614E-01  0.3522463894038065E+03  0.1293E-12  704
 0.9107958100417717E-01  0.3527463913827825E+03  0.9595E-13  705
 0.9107570813399049E-01  0.3532463895409562E+03  0.9363E-13  706
 0.9106900811048370E-01  0.3537463939759696E+03  0.4546E-13  707
 0.9106886588534453E-01  0.3542464003132282E+03  0.1332E-12  708
 0.9106980293810044E-01  0.3547463999781216E+03  0.2965E-12  709
 0.9106407459647095E-01  0.3552463992807845E+03  0.4416E-13  710
 0.9105858937076464E-01  0.3557464051844321E+03  0.1562E-12  711
 0.9105961031228377E-01  0.3562464103702855E+03  0.1672E-12  712
 0.9105957086842816E-01  0.3567464091748215E+03  0.1524E-12  713
 0.9105328101868954E-01  0.3572464092736409E+03  0.7200E-13  714
 0.9104842104925007E-01  0.3577464155214558E+03  0.2759E-13  715
 0.9104963910727196E-01  0.3582464203161836E+03  0.1363E-12  716
 0.9104949331866645E-01  0.3587464190947554E+03  0.7263E-13  717
 0.9104338311932259E-01  0.3592464190581024E+03  0.4667E-13  718
 0.9103819512231984E-01  0.3597464249580813E+03  0.1586E-12  719
 0.9103892241699331E-01  0.3602464302983064E+03  0.1494E-12  720
 0.9103955203957116E-01  0.3607464297783288E+03  0.1353E-12  721
 0.9103442777804588E-01  0.3612464288180188E+03  0.1690E-12  722
 0.9102826141218982E-01  0.3617464334536598E+03  0.1553E-12  723
 0.9102745261163363E-01  0.3622464397991292E+03  0.2605E-12  724
 0.9102906525959115E-01  0.3627464411548260E+03  0.2644E-12  725
 0.9102620896962188E-01  0.3632464393819579E+03  0.7764E-13  726
 0.9101956098141636E-01  0.3637464414102848E+03  0.3296E-13  727
 0.9101589225387531E-01  0.3642464478173425E+03  0.2684E-13  728
 0.9101705369388072E-01  0.3647464522363166E+03  0.1919E-12  729
 0.9101736466909124E-01  0.3652464515892461E+03  0.1931E-12  730
 0.9101264435149393E-01  0.3657464505753345E+03  0.2550E-12  731
 0.9100633282464152E-01  0.3662464542616550E+03  0.1980E-12  732
 0.9100406677543661E-01  0.3667464606946393E+03  0.5669E-13  733
 0.9100552292789894E-01  0.3672464640771432E+03  0.7802E-13  734
 0.9100521723347182E-01  0.3677464630770672E+03  0.6240E-14  735
 0.9100028918159406E-01  0.3682464623702767E+03  0.1384E-12  736
 0.9099414737163850E-01  0.3687464660480777E+03  0.4566E-13  737
 0.9099164877041867E-01  0.3692464723258024E+03  0.1412E-12  738
 0.9099282025122925E-01  0.3697464761792962E+03  0.5242E-13  739
 0.9099313529419030E-01  0.3702464758082872E+03  0.8534E-13  740
 0.9098931449227618E-01  0.3707464746057653E+03  0.2564E-12  741
 0.9098312211874753E-01  0.3712464767890046E+03  0.1191E-12  742
 0.9097898635667924E-01  0.3717464824704655E+03  0.1321E-12  743
 0.9097881909234586E-01  0.3722464878091899E+03  0.3064E-12  744
 0.9098008424195260E-01  0.3727464895199607E+03  0.7847E-13  745
 0.9097884511566037E-01  0.3732464883587678E+03  0.6424E-13  746
 0.9097397816091399E-01  0.3737464880295983E+03  0.2410E-12  747
 0.9096810264684815E-01  0.3742464911990168E+03  0.7671E-13  748
 0.9096470507510517E-01  0.3747464969341585E+03  0.8204E-13  749
 0.9096470830651611E-01  0.3752465018767065E+03  0.9378E-13  750
 0.9096580548682140E-01  0.3757465035895312E+03  0.1737E-12  751
 0.9096483007990765E-01  0.3762465027053823E+03  0.2202E-12  752
 0.9096063151943309E-01  0.3767465021086949E+03  0.1611E-12  753
 0.9095489277910376E-01  0.3772465042663626E+03  0.4484E-13  754
 0.9095048549040180E-01  0.3777465092036179E+03  0.1938E-12  755
 0.9094903711624279E-01  0.3782465146916269E+03  0.1481E-12  756
 0.9094975632201151E-01  0.3787465182027303E+03  0.7491E-14  757
 0.9095025769354020E-01  0.3792465188702758E+03  0.4278E-13  758
 0.9094847591282007E-01  0.3797465179727736E+03  0.9460E-13  759
 0.9094411135540428E-01  0.3802465178147092E+03  0.4572E-13  760
 0.9093866692293520E-01  0.3807465200337076E+03  0.8920E-13  761
 0.9093426716261656E-01  0.3812465245680335E+03  0.5365E-13  762
 0.9093221829129708E-01  0.3817465298631658E+03  0.4578E-14  763
 0.9093226996720118E-01  0.3822465339982033E+03  0.4823E-13  764
 0.9093292889862525E-01  0.3827465358895649E+03  0.1064E-12  765
 0.9093246573127986E-01  0.3832465358346629E+03  0.2959E-13  766
 0.9092991434818802E-01  0.3837465351924499E+03  0.4574E-13  767
 0.9092551048183604E-01  0.3842465355286106E+03  0.8378E-13  768
 0.9092043286438002E-01  0.3847465377749799E+03  0.4130E-13  769
 0.9091610327432147E-01  0.3852465418328322E+03  0.2142E-12  770
 0.9091346856360512E-01  0.3857465467399173E+03  0.2589E-12  771
 0.9091261508018333E-01  0.3862465512222017E+03  0.1409E-12  772
 0.9091283459363508E-01  0.3867465543040935E+03  0.8506E-13  773
 0.9091302981965145E-01  0.3872465556907445E+03  0.7554E-13  774
 0.9091221743403770E-01  0.3877465558013900E+03  0.3982E-13  775
 0.9090990041908341E-01  0.3882465555092992E+03  0.1238E-12  776
 0.9090619044918678E-01  0.3887465557510135E+03  0.2009E-12  777
 0.9090168377355172E-01  0.3892465571795705E+03  0.1707E-12  778
 0.9089718813031457E-01  0.3897465599785203E+03  0.9830E-13  779
 0.9089342558413586E-01  0.3902465638677518E+03  0.7202E-13  780
 0.9089081682554311E-01  0.3907465682590690E+03  0.6164E-13  781
 0.9088939876229847E-01  0.3912465724800772E+03  0.4761E-13  782
 0.9088887294170091E-01  0.3917465759804674E+03  0.9554E-13  783
 0.9088874032061063E-01  0.3922465784640808E+03  0.1584E-13  784
 0.9088846387349213E-01  0.3927465799241816E+03  0.1627E-12  785
 0.9088760811668255E-01  0.3932465805975614E+03  0.2417E-12  786
 0.9088592371876372E-01  0.3937465808665971E+03  0.1716E-12  787
 0.9088337064705339E-01  0.3942465811491600E+03  0.1463E-12  788
 0.9088008914367587E-01  0.3947465818036173E+03  0.2996E-13  789
 0.9087633853435625E-01  0.3952465830681903E+03  0.5596E-13  790
 0.9087242596765532E-01  0.3957465850379284E+03  0.4941E-13  791
 0.9086864135950355E-01  0.3962465876752676E+03  0.2061E-12  792
 0.9086521195813488E-01  0.3967465908422467E+03  0.4356E-13  793
 0.9086227712312699E-01  0.3972465943433376E+03  0.2702E-12  794
 0.9085988606388229E-01  0.3977465979674594E+03  0.5847E-13  795
 0.9085800889477044E-01  0.3982466015219379E+03  0.9149E-13  796
 0.9085655876823312E-01  0.3987466048555206E+03  0.6105E-13  797
 0.9085541552044450E-01  0.3992466078688351E+03  0.1456E-12  798
 0.9085444874203490E-01  0.3997466105149709E+03  0.9805E-13  799
 0.9085353544000097E-01  0.4002466127928586E+03  0.8891E-13  800
 0.9085257264938140E-01  0.4007466147363749E+03  0.2491E-12  801
 0.9085148262736140E-01  0.4012466164018567E+03  0.2635E-12  802
 0.9085021614752838E-01  0.4017466178574237E+03  0.3281E-12  803
 0.9084874889523145E-01  0.4022466191726697E+03  0.1067E-12  804
 0.9084707785961244E-01  0.4027466204120678E+03  0.8510E-13  805
 0.9084521606686960E-01  0.4032466216305763E+03  0.8288E-13  806
 0.9084318756471692E-01  0.4037466228714928E+03  0.7574E-13  807
 0.9084102224198107E-01  0.4042466241658639E+03  0.2316E-13  808
 0.9083875239717534E-01  0.4047466255336033E+03  0.4582E-13  809
 0.9083640954448786E-01  0.4052466269850694E+03  0.2048E-13  810
 0.9083402270146736E-01  0.4057466285227403E+03  0.1969E-12  811
 0.9083161728745823E-01  0.4062466301437456E+03  0.1649E-12  812
 0.9082921454304592E-01  0.4067466318411372E+03  0.1471E-12  813
 0.9082683164124820E-01  0.4072466336060451E+03  0.5807E-13  814
 0.9082448189359422E-01  0.4077466354286676E+03  0.1523E-12  815
 0.9082217549556552E-01  0.4082466372994730E+03  0.4487E-13  816
 0.9081991989640889E-01  0.4087466392099498E+03  0.1006E-12  817
 0.9081772027584721E-01  0.4092466411531689E+03  0.1460E-12  818
 0.9081558023562523E-01  0.4097466431240051E+03  0.1678E-13  819
 0.9081350176329597E-01  0.4102466451197162E+03  0.4265E-13  820
 0.9081148591599164E-01  0.4107466471396228E+03  0.1532E-12  821
 0.9080953245084732E-01  0.4112466491856192E+03  0.6463E-13  822
 0.9080763986254345E-01  0.4117466512618952E+03  0.4849E-13  823
 0.9080580520000520E-01  0.4122466533748450E+03  0.2075E-12  824
 0.9080402327902411E-01  0.4127466555329272E+03  0.3946E-13  825
 0.9080228673120462E-01  0.4132466577462181E+03  0.7905E-13  826
 0.9080058498342165E-01  0.4137466600257661E+03  0.2006E-12  827
 0.9079890347491981E-01  0.4142466623828337E+03  0.7499E-13  828
 0.9079722361418564E-01  0.4147466648279027E+03  0.8952E-13  829
 0.9079552190191793E-01  0.4152466673688323E+03  0.2259E-13  830
 0.9079377028412447E-01  0.4157466700093942E+03  0.1809E-13  831
 0.9079193635354588E-01  0.4162466727469980E+03  0.9102E-13  832
 0.9078998476667963E-01  0.4167466755705129E+03  0.9624E-13  833
 0.9078787925718296E-01  0.4172466784581625E+03  0.9007E-13  834
 0.9078558575741184E-01  0.4177466813754987E+03  0.5891E-13  835
 0.9078307686343166E-01  0.4182466842746732E+03  0.7036E-13  836
 0.9078033674861810E-01  0.4187466870945908E+03  0.1315E-12  837
 0.9077736705087190E-01  0.4192466897631425E+03  0.5189E-13  838
 0.9077419265174505E-01  0.4197466922020286E+03  0.6296E-13  839
 0.9077086642075693E-01  0.4202466943340528E+03  0.5004E-13  840
 0.9076747183664084E-01  0.4207466960931907E+03  0.1356E-13  841
 0.9076412172984236E-01  0.4212466974371202E+03  0.3036E-13  842
 0.9076095225713206E-01  0.4217466983603575E+03  0.5081E-13  843
 0.9075811066955079E-01  0.4222466989067728E+03  0.1363E-12  844
 0.9075573666340006E-01  0.4227466991774361E+03  0.1001E-12  845
 0.9075393847888490E-01  0.4232466993323084E+03  0.5883E-13  846
 0.9075276677873012E-01  0.4237466995808994E+03  0.5158E-13  847
 0.9075218994001330E-01  0.4242467001608339E+03  0.5599E-13  848
 0.9075207776903860E-01  0.4247467013038158E+03  0.9083E-13  849
 0.9075219974836304E-01  0.4252467031919242E+03  0.2193E-14  850
 0.9075224362408835E-01  0.4257467059106378E+03  0.9047E-13  851
 0.9075185723944409E-01  0.4262467094083772E+03  0.1818E-12  852
 0.9075071224568046E-01  0.4267467134749793E+03  0.4449E-13  853
 0.9074857947482264E-01  0.4272467177505358E+03  0.9635E-13  854
 0.9074540322696173E-01  0.4277467217728999E+03  0.3820E-13  855
 0.9074135173576961E-01  0.4282467250639095E+03  0.5706E-13  856
 0.9073682365846115E-01  0.4287467272430838E+03  0.1340E-13  857
 0.9073239360146432E-01  0.4292467281455300E+03  0.1452E-12  858
 0.9072869372354703E-01  0.4297467279095905E+03  0.1301E-12  859
 0.9072624837276402E-01  0.4302467269976937E+03  0.3744E-14  860
 0.9072530071806227E-01  0.4307467261230482E+03  0.8051E-13  861
 0.9072568739255958E-01  0.4312467260794057E+03  0.3763E-13  862
 0.9072681770798709E-01  0.4317467275052325E+03  0.1395E-12  863
 0.9072779373304185E-01  0.4322467306481098E+03  0.1522E-12  864
 0.9072766321740842E-01  0.4327467352156526E+03  0.2302E-12  865
 0.9072574554441970E-01  0.4332467403905015E+03  0.1324E-13  866
 0.9072192289782489E-01  0.4337467450439514E+03  0.8819E-13  867
 0.9071677385323165E-01  0.4342467481137701E+03  0.7073E-13  868
 0.9071145437503181E-01  0.4347467490315702E+03  0.4074E-13  869
 0.9070731471375676E-01  0.4352467480303604E+03  0.8052E-13  870
 0.9070535682753791E-01  0.4357467461657500E+03  0.6133E-13  871
 0.9070574435087345E-01  0.4362467449722964E+03  0.8445E-13  872
 0.9070761114639990E-01  0.4367467458347919E+03  0.6185E-13  873
 0.9070932712445719E-01  0.4372467493204247E+03  0.8881E-14  874
 0.9070918361252092E-01  0.4377467547987300E+03  0.1650E-12  875
 0.9070623042465839E-01  0.4382467606003447E+03  0.3190E-13  876
 0.9070085842359803E-01  0.4387467647386514E+03  0.1075E-12  877
 0.9069476317085823E-01  0.4392467659176738E+03  0.1030E-12  878
 0.9069018470262716E-01  0.4397467643266227E+03  0.5418E-13  879
 0.9068871254403137E-01  0.4402467617172550E+03  0.7228E-13  880
 0.9069028366730468E-01  0.4407467605738823E+03  0.1268E-13  881
 0.9069302915469366E-01  0.4412467627130846E+03  0.2862E-12  882
 0.9069421992089105E-01  0.4417467680958893E+03  0.1265E-12  883
 0.9069188814294410E-01  0.4422467746513699E+03  0.8019E-13  884
 0.9068617803146116E-01  0.4427467793936239E+03  0.8163E-13  885
 0.9067947810305289E-01  0.4432467803012986E+03  0.4139E-13  886
 0.9067503501242329E-01  0.4437467778011894E+03  0.8616E-13  887
 0.9067476505130519E-01  0.4442467747301807E+03  0.2076E-12  888
 0.9067773495107979E-01  0.4447467745376517E+03  0.9601E-13  889
 0.9068056976389155E-01  0.4452467787982818E+03  0.2331E-12  890
 0.9067976934388002E-01  0.4457467858453462E+03  0.9633E-13  891
 0.9067439576744657E-01  0.4462467917542481E+03  0.8066E-13  892
 0.9066705536673685E-01  0.4467467932283644E+03  0.3793E-13  893
 0.9066212493612501E-01  0.4472467903310509E+03  0.2149E-12  894
 0.9066227822208120E-01  0.4477467867512469E+03  0.5691E-13  895
 0.9066605034540912E-01  0.4482467869918615E+03  0.1570E-13  896
 0.9066875299111848E-01  0.4487467925197612E+03  0.9810E-13  897
 0.9066636440764142E-01  0.4492468002109967E+03  0.1388E-12  898
 0.9065922300317311E-01  0.4497468047960334E+03  0.2981E-13  899
 0.9065208324343582E-01  0.4502468035512631E+03  0.1154E-12  900
 0.9064999075608801E-01  0.4507467990979038E+03  0.4154E-13  901
 0.9065341364768945E-01  0.4512467973106215E+03  0.5754E-13  902
 0.9065741210541274E-01  0.4517468017638228E+03  0.1814E-13  903
 0.9065620280775069E-01  0.4522468099571703E+03  0.6998E-14  904
 0.9064902041589838E-01  0.4527468154236284E+03  0.5424E-13  905
 0.9064130019788995E-01  0.4532468141834072E+03  0.5971E-13  906
 0.9063935674101778E-01  0.4537468091883874E+03  0.6437E-13  907
 0.9064355972443308E-01  0.4542468076341691E+03  0.9188E-13  908
 0.9064748931029887E-01  0.4547468132679206E+03  0.1663E-12  909
 0.9064471963431243E-01  0.4552468219186553E+03  0.1014E-12  910
 0.9063619173423337E-01  0.4557468257437160E+03  0.6997E-13  911
 0.9062963126588121E-01  0.4562468221393690E+03  0.1862E-13  912
 0.9063081449150102E-01  0.4567468172243634E+03  0.1194E-12  913
 0.9063640388668857E-01  0.4572468190020884E+03  0.6931E-13  914
 0.9063747909926599E-01  0.4577468275896952E+03  0.7437E-13  915
 0.9063037136728698E-01  0.4582468345781412E+03  0.1753E-13  916
 0.9062166999287150E-01  0.4587468331997905E+03  0.4761E-13  917
 0.9062034816951166E-01  0.4592468272198556E+03  0.6205E-13  918
 0.9062605219300141E-01  0.4597468266472610E+03  0.1120E-13  919
 0.9062900148679340E-01  0.4602468346727622E+03  0.1367E-12  920
 0.9062275367349026E-01  0.4607468429291124E+03  0.1116E-12  921
 0.9061329366263200E-01  0.4612468423665750E+03  0.1106E-12  922
 0.9061138659363706E-01  0.4617468359211492E+03  0.9377E-13  923
 0.9061747867355271E-01  0.4622468350503025E+03  0.1072E-12  924
 0.9062045548774059E-01  0.4627468435959145E+03  0.4188E-14  925
 0.9061334443804481E-01  0.4632468517282707E+03  0.3563E-13  926
 0.9060392085186382E-01  0.4637468498341590E+03  0.7521E-13  927
 0.9060378403239136E-01  0.4642468430756594E+03  0.5034E-13  928
 0.9061073030722838E-01  0.4647468442885914E+03  0.8138E-13  929
 0.9061145580454082E-01  0.4652468543760244E+03  0.2939E-13  930
 0.9060197909441084E-01  0.4657468602834783E+03  0.9334E-13  931
 0.9059448414582666E-01  0.4662468551398941E+03  0.5515E-13  932
 0.9059840988363052E-01  0.4667468497442536E+03  0.1847E-13  933
 0.9060475470934454E-01  0.4672468556975397E+03  0.5009E-13  934
 0.9060018738399335E-01  0.4677468661041474E+03  0.2895E-13  935
 0.9058930948230566E-01  0.4682468663191707E+03  0.1215E-13  936
 0.9058768124074129E-01  0.4687468585869059E+03  0.2499E-13  937
 0.9059538668507468E-01  0.4692468589984092E+03  0.2268E-13  938
 0.9059615455773912E-01  0.4697468698911151E+03  0.6045E-13  939
 0.9058549532265911E-01  0.4702468750910659E+03  0.1968E-13  940
 0.9057929603443263E-01  0.4707468681009770E+03  0.8229E-13  941
 0.9058586686328320E-01  0.4712468643874382E+03  0.7474E-13  942
 0.9059027175933716E-01  0.4717468738674095E+03  0.1063E-12  943
 0.9058115965084726E-01  0.4722468822036673E+03  0.9870E-13  944
 0.9057227892824241E-01  0.4727468767601928E+03  0.6373E-14  945
 0.9057738118660254E-01  0.4732468707701498E+03  0.2501E-13  946
 0.9058366854266321E-01  0.4737468789155726E+03  0.2070E-13  947
 0.9057567544717153E-01  0.4742468887552604E+03  0.2376E-13  948
 0.9056561524363273E-01  0.4747468841426322E+03  0.1155E-12  949
 0.9057019586742034E-01  0.4752468772513968E+03  0.5500E-13  950
 0.9057710034132206E-01  0.4757468851917238E+03  0.5573E-13  951
 0.9056895716425192E-01  0.4762468953504387E+03  0.4415E-13  952
 0.9055886014537527E-01  0.4767468902007342E+03  0.5392E-13  953
 0.9056434463094166E-01  0.4772468835519446E+03  0.5016E-13  954
 0.9057067986577529E-01  0.4777468927310616E+03  0.6310E-13  955
 0.9056096222429393E-01  0.4782469019348459E+03  0.6451E-13  956
 0.9055223808969036E-01  0.4787468948887136E+03  0.6730E-13  957
 0.9055986460835055E-01  0.4792468900680963E+03  0.2126E-13  958
 0.9056384014855950E-01  0.4797469015424065E+03  0.6382E-13  959
 0.9055174125867363E-01  0.4802469077728546E+03  0.1185E-12  960
 0.9054664640097883E-01  0.4807468983587471E+03  0.1815E-13  961
 0.9055645652913387E-01  0.4812468978410848E+03  0.4002E-13  962
 0.9055542262248691E-01  0.4817469111305986E+03  0.4850E-13  963
 0.9054204453118810E-01  0.4822469116285682E+03  0.4020E-13  964
 0.9054333470028074E-01  0.4827469016739638E+03  0.2330E-13  965
 0.9055270292014013E-01  0.4832469080523213E+03  0.5107E-13  966
 0.9054441303869697E-01  0.4837469196913290E+03  0.7764E-13  967
 0.9053407989658652E-01  0.4842469127851169E+03  0.7668E-13  968
 0.9054257152889958E-01  0.4847469074158689E+03  0.7846E-13  969
 0.9054572470574121E-01  0.4852469203752063E+03  0.6765E-13  970
 0.9053188799010219E-01  0.4857469241630532E+03  0.4253E-13  971
 0.9053089980437368E-01  0.4862469132196627E+03  0.4481E-14  972
 0.9054139473244441E-01  0.4867469183618587E+03  0.5457E-13  973
 0.9053331928989317E-01  0.4872469308453948E+03  0.1621E-12  974
 0.9052276350427317E-01  0.4877469232776941E+03  0.3903E-13  975
 0.9053244004617275E-01  0.4882469185939669E+03  0.3084E-13  976
 0.9053375967126061E-01  0.4887469327842795E+03  0.7556E-13  977
 0.9051914283557050E-01  0.4892469335080441E+03  0.3546E-13  978
 0.9052225320644086E-01  0.4897469227764138E+03  0.2437E-12  979
 0.9053099123759908E-01  0.4902469326084756E+03  0.1645E-13  980
 0.9051822361355717E-01  0.4907469413844426E+03  0.9572E-13  981
 0.9051343900938684E-01  0.4912469299025512E+03  0.1261E-12  982
 0.9052529589007538E-01  0.4917469328091636E+03  0.1628E-13  983
 0.9051777719327767E-01  0.4922469465631986E+03  0.4799E-13  984
 0.9050683357266859E-01  0.4927469381377695E+03  0.3947E-13  985
 0.9051804548840305E-01  0.4932469345511802E+03  0.7427E-13  986
 0.9051645708208615E-01  0.4937469499334601E+03  0.2883E-13  987
 0.9050202545954214E-01  0.4942469460993293E+03  0.6535E-13  988
 0.9051052676892110E-01  0.4947469378459033E+03  0.2978E-14  989
 0.9051390760074587E-01  0.4952469525933226E+03  0.7189E-14  990
 0.9049817857430452E-01  0.4957469531766541E+03  0.8872E-13  991
 0.9050349632524894E-01  0.4962469421607990E+03  0.5561E-13  992
 0.9051035634034785E-01  0.4967469553403046E+03  0.6101E-13  993
 0.9049455185438847E-01  0.4972469593151045E+03  0.5929E-13  994
 0.9049723508511151E-01  0.4977469468984679E+03  0.1337E-13  995
 0.9050620262680699E-01  0.4982469586006478E+03  0.2823E-13  996
 0.9049066497131603E-01  0.4987469646935764E+03  0.3029E-13  997
 0.9049176910608923E-01  0.4992469516186558E+03  0.9591E-13  998
 0.9050177374823369E-01  0.4997469625493229E+03  0.2985E-13  999
