 0.4965265283562174E+00  0.1849754359058844E+00  0.3931E-13    0
 0.4290308391272117E+00  0.5873352910914573E+00  0.1810E-12    1
 0.3495471352140215E+00  0.1050375198717648E+01  0.7839E-14    2
 0.2923533988340009E+00  0.1543817847996167E+01  0.8248E-15    3
 0.2531082919807309E+00  0.2045100567606670E+01  0.1400E-13    4
 0.2245055815994579E+00  0.2547851238756770E+01  0.5808E-11    5
 0.2024294110658824E+00  0.3050532666846586E+01  0.6775E-10    6
 0.1846474957013563E+00  0.3552798466734047E+01  0.1398E-11    7
 0.1698699422722566E+00  0.4054612140436098E+01  0.6854E-13    8
 0.1572992817032505E+00  0.4556017641089436E+01  0.4027E-14    9
 0.1464132214186811E+00  0.5057074426274399E+01  0.9167E-15   10
 0.1368531061225688E+00  0.5557838809915420E+01  0.4220E-10   11
 0.1283628845257747E+00  0.6058359363621349E+01  0.1354E-10   12
 0.1207537642791014E+00  0.6558676662376024E+01  0.4794E-11   13
 0.1138827216530686E+00  0.7058824261472386E+01  0.1844E-11   14
 0.1076388804077681E+00  0.7558829885830191E+01  0.7581E-12   15
 0.1019345654471232E+00  0.8058716515303335E+01  0.3308E-12   16
 0.9669924376205290E-01  0.8558503290042621E+01  0.1551E-12   17
 0.9187531001890813E-01  0.9058206239702386E+01  0.7398E-13   18
 0.8741508604599307E-01  0.9557838862941392E+01  0.2817E-13   19
 0.8327864019955215E-01  0.1005741258645345E+02  0.2070E-13   20
 0.7943217338272704E-01  0.1055693712927600E+02  0.1347E-13   21
 0.7584680480055098E-01  0.1105642079328583E+02  0.1070E-13   22
 0.7249764492349187E-01  0.1155587069627793E+02  0.4247E-14   23
 0.6936307823159120E-01  0.1205529296028159E+02  0.1409E-14   24
 0.6642420148841906E-01  0.1255469286482351E+02  0.9948E-17   25
 0.6366437888760625E-01  0.1305407497258440E+02  0.8767E-10   26
 0.6106888612847498E-01  0.1355344323316612E+02  0.6294E-10   27
 0.5862462290995831E-01  0.1405280106938855E+02  0.4560E-10   28
 0.5631987858206108E-01  0.1455215144955606E+02  0.3341E-10   29
 0.5414413968827540E-01  0.1505149694830351E+02  0.2469E-10   30
 0.5208793049850964E-01  0.1555083979823711E+02  0.1835E-10   31
 0.5014267961004341E-01  0.1605018193387366E+02  0.1380E-10   32
 0.4830060903516546E-01  0.1654952502942488E+02  0.1042E-10   33
 0.4655463890344491E-01  0.1704887053066530E+02  0.7948E-11   34
 0.4489830810171740E-01  0.1754821968457252E+02  0.6071E-11   35
 0.4332570201485786E-01  0.1804757356035187E+02  0.4690E-11   36
 0.4183139952353170E-01  0.1854693307601830E+02  0.3628E-11   37
 0.4041041781873170E-01  0.1904629900974638E+02  0.2827E-11   38
 0.3905816939169848E-01  0.1954567202564353E+02  0.2223E-11   39
 0.3777040876656780E-01  0.2004505267457548E+02  0.1729E-11   40
 0.3654324097810525E-01  0.2054444142605877E+02  0.1380E-11   41
 0.3537303557088112E-01  0.2104383865037388E+02  0.1097E-11   42
 0.3425642886510430E-01  0.2154324466221035E+02  0.8618E-12   43
 0.3319030616059788E-01  0.2204265968976215E+02  0.6922E-12   44
 0.3217181367688771E-01  0.2254208394806196E+02  0.5490E-12   45
 0.3119816743868800E-01  0.2304151755393780E+02  0.4655E-12   46
 0.3026694086725772E-01  0.2354096065081698E+02  0.3617E-12   47
 0.2937577333857285E-01  0.2404041324405921E+02  0.2797E-12   48
 0.2852244858156958E-01  0.2453987536266088E+02  0.2403E-12   49
 0.2770495707891188E-01  0.2503934696985017E+02  0.2000E-12   50
 0.2692147538298667E-01  0.2553882814963981E+02  0.1606E-12   51
 0.2616993001901023E-01  0.2603831879233629E+02  0.1372E-12   52
 0.2544906628858984E-01  0.2653781883655599E+02  0.1116E-12   53
 0.2475697815093531E-01  0.2703732804611454E+02  0.8254E-13   54
 0.2409225381538894E-01  0.2753684652725678E+02  0.6821E-13   55
 0.2345362313217460E-01  0.2803637412628743E+02  0.8405E-13   56
 0.2283980225242887E-01  0.2853591075641267E+02  0.3736E-13   57
 0.2224936889042495E-01  0.2903545637271364E+02  0.6342E-13   58
 0.2168110976177517E-01  0.2953501035297849E+02  0.3393E-13   59
 0.2113470090542336E-01  0.3003457309569735E+02  0.1931E-13   60
 0.2060786649309648E-01  0.3053414410571854E+02  0.1920E-12   61
 0.2010082030903526E-01  0.3103372382665301E+02  0.5672E-13   62
 0.1961229860071561E-01  0.3153331121996413E+02  0.6497E-13   63
 0.1914109307251369E-01  0.3203290652646202E+02  0.6013E-14   64
 0.1868660496474748E-01  0.3253250978685082E+02  0.1008E-12   65
 0.1824811077372774E-01  0.3303212088563789E+02  0.2594E-13   66
 0.1782461126137008E-01  0.3353173960317875E+02  0.4309E-13   67
 0.1741543310716618E-01  0.3403136511680695E+02  0.7466E-14   68
 0.1702120950392846E-01  0.3453099767395402E+02  0.1371E-13   69
 0.1663946924999691E-01  0.3503063845886120E+02  0.5079E-14   70
 0.1627095813234868E-01  0.3553028448990479E+02  0.2951E-13   71
 0.1591381128744395E-01  0.3602993878076352E+02  0.7103E-13   72
 0.1556974214834490E-01  0.3652959910354513E+02  0.9204E-13   73
 0.1523607326997163E-01  0.3702926505531076E+02  0.1680E-13   74
 0.1491262323931954E-01  0.3752893775221554E+02  0.5709E-13   75
 0.1459961747664527E-01  0.3802861686829873E+02  0.2856E-15   76
 0.1429672088009243E-01  0.3852830193131543E+02  0.9855E-10   77
 0.1400357866619301E-01  0.3902799284242744E+02  0.8965E-10   78
 0.1371970289243064E-01  0.3952768992993943E+02  0.8153E-10   79
 0.1344375243448592E-01  0.4002739319810326E+02  0.7438E-10   80
 0.1317520034938603E-01  0.4052710063681408E+02  0.6826E-10   81
 0.1291691065022411E-01  0.4102681283236752E+02  0.6228E-10   82
 0.1266492181734121E-01  0.4152653283418795E+02  0.5700E-10   83
 0.1242066046612207E-01  0.4202625463002085E+02  0.5229E-10   84
 0.1218318159225172E-01  0.4252598487040171E+02  0.4797E-10   85
 0.1195414022596186E-01  0.4302571709124317E+02  0.4390E-10   86
 0.1172891789725521E-01  0.4352545486932876E+02  0.4049E-10   87
 0.1151146969476547E-01  0.4402519908210598E+02  0.3725E-10   88
 0.1130132477813482E-01  0.4452494679043050E+02  0.3422E-10   89
 0.1109662353386889E-01  0.4502469810584707E+02  0.3144E-10   90
 0.1089709939740470E-01  0.4552445383943970E+02  0.2899E-10   91
 0.1070292856926649E-01  0.4602421418636916E+02  0.2674E-10   92
 0.1051398236378364E-01  0.4652397909011997E+02  0.2471E-10   93
 0.1032973127561508E-01  0.4702374834255522E+02  0.2285E-10   94
 0.1014964862713951E-01  0.4752352111754843E+02  0.2120E-10   95
 0.9974607709865189E-02  0.4802329627747821E+02  0.1964E-10   96
 0.9806475598247938E-02  0.4852307540169491E+02  0.1809E-10   97
 0.9642018519029417E-02  0.4902286137323686E+02  0.1683E-10   98
 0.9478673189669676E-02  0.4952264837553381E+02  0.1563E-10   99
 0.9324194100779955E-02  0.5002243837874521E+02  0.1443E-10  100
 0.9169323529179577E-02  0.5052223481945958E+02  0.1349E-10  101
 0.9022255982609431E-02  0.5102203075524925E+02  0.1235E-10  102
 0.8874480769326178E-02  0.5152183332906728E+02  0.1162E-10  103
 0.8735450891105043E-02  0.5202163801658604E+02  0.1077E-10  104
 0.8595743185048042E-02  0.5252144350876242E+02  0.1005E-10  105
 0.8459538780302719E-02  0.5302125619331060E+02  0.9418E-11  106
 0.8329762207932898E-02  0.5352107091740650E+02  0.8741E-11  107
 0.8202407969408692E-02  0.5402088620757507E+02  0.8127E-11  108
 0.8076387931525182E-02  0.5452070446338210E+02  0.7494E-11  109
 0.7952904173699052E-02  0.5502052651999148E+02  0.7026E-11  110
 0.7832644944684103E-02  0.5552035182791098E+02  0.6589E-11  111
 0.7715595879932609E-02  0.5602017981248399E+02  0.6169E-11  112
 0.7601623164302679E-02  0.5652001024281281E+02  0.5792E-11  113
 0.7490711018303562E-02  0.5701984321838805E+02  0.5404E-11  114
 0.7382744413976342E-02  0.5751967919681469E+02  0.5026E-11  115
 0.7276927007662257E-02  0.5801951868422987E+02  0.4770E-11  116
 0.7171799853253521E-02  0.5851936095240449E+02  0.4486E-11  117
 0.7067714056279832E-02  0.5901920342483545E+02  0.4258E-11  118
 0.6968594272194001E-02  0.5951904620192164E+02  0.3922E-11  119
 0.6873811834826913E-02  0.6001889497558287E+02  0.3645E-11  120
 0.6776077905031005E-02  0.6051874692561761E+02  0.3473E-11  121
 0.6682683270948774E-02  0.6101859560764754E+02  0.3249E-11  122
 0.6593606673014207E-02  0.6151845258617688E+02  0.3060E-11  123
 0.6500985379130172E-02  0.6201830722074141E+02  0.2876E-11  124
 0.6417077897222304E-02  0.6251816668516680E+02  0.2702E-11  125
 0.6327875462256655E-02  0.6301802585994986E+02  0.2570E-11  126
 0.6247070502364158E-02  0.6351789036174974E+02  0.2413E-11  127
 0.6163232760979147E-02  0.6401775145936359E+02  0.2246E-11  128
 0.6081968230186049E-02  0.6451762114151738E+02  0.2132E-11  129
 0.6006212698345560E-02  0.6501748787988200E+02  0.2064E-11  130
 0.5926589885662350E-02  0.6551735573063894E+02  0.1806E-11  131
 0.5849490146694628E-02  0.6601723003493051E+02  0.1775E-11  132
 0.5777646202855711E-02  0.6651710478037752E+02  0.1643E-11  133
 0.5706417919627857E-02  0.6701697818021401E+02  0.1559E-11  134
 0.5634181920080671E-02  0.6751685329672176E+02  0.1452E-11  135
 0.5562606638519015E-02  0.6801673166774194E+02  0.1399E-11  136
 0.5493000282251835E-02  0.6851661266548520E+02  0.1312E-11  137
 0.5425435758747380E-02  0.6901649535284344E+02  0.1289E-11  138
 0.5359492890762326E-02  0.6951637928446191E+02  0.1280E-11  139
 0.5294824145094013E-02  0.7001626436366217E+02  0.1223E-11  140
 0.5231300543878194E-02  0.7051615056981568E+02  0.1080E-11  141
 0.5169016085514807E-02  0.7101603786497394E+02  0.1022E-11  142
 0.5108272306820818E-02  0.7151592630999646E+02  0.1046E-11  143
 0.5049403408561364E-02  0.7201581633039297E+02  0.8966E-12  144
 0.4992209169662351E-02  0.7251570879753980E+02  0.8128E-12  145
 0.4935320295951458E-02  0.7301560420517949E+02  0.7950E-12  146
 0.4877097760676088E-02  0.7351550101402989E+02  0.8255E-12  147
 0.4818859009884668E-02  0.7401539624682162E+02  0.7461E-12  148
 0.4764965430524699E-02  0.7451529094266003E+02  0.7521E-12  149
 0.4714210508487843E-02  0.7501519093733992E+02  0.6845E-12  150
 0.4659372623712994E-02  0.7551509383666267E+02  0.6441E-12  151
 0.4605644242813543E-02  0.7601499197776202E+02  0.6260E-12  152
 0.4558503122499221E-02  0.7651489477206795E+02  0.5341E-12  153
 0.4505457673606484E-02  0.7701480119737589E+02  0.5296E-12  154
 0.4456986039622066E-02  0.7751470204144732E+02  0.5292E-12  155
 0.4409820514181042E-02  0.7801461211988529E+02  0.4851E-12  156
 0.4359808584557571E-02  0.7851451579062140E+02  0.4761E-12  157
 0.4316041523740094E-02  0.7901442718924014E+02  0.4308E-12  158
 0.4267098728847593E-02  0.7951433343845613E+02  0.4241E-12  159
 0.4224319495262288E-02  0.8001424744912212E+02  0.4008E-12  160
 0.4178715030663602E-02  0.8051415486704968E+02  0.3695E-12  161
 0.4134181367508726E-02  0.8101407151277323E+02  0.3623E-12  162
 0.4094204210239106E-02  0.8151398232040886E+02  0.4194E-12  163
 0.4047960033289214E-02  0.8201389673279047E+02  0.2970E-12  164
 0.4008513566573393E-02  0.8251381545006660E+02  0.3138E-12  165
 0.3969299468634750E-02  0.8301372874319023E+02  0.3210E-12  166
 0.3925596892846536E-02  0.8351364571767290E+02  0.3266E-12  167
 0.3886125376825793E-02  0.8401356741069173E+02  0.2631E-12  168
 0.3850182154343580E-02  0.8451348647548379E+02  0.3250E-12  169
 0.3811828122133585E-02  0.8501340389957183E+02  0.2440E-12  170
 0.3771553410444708E-02  0.8551332441105598E+02  0.2275E-12  171
 0.3732999571645675E-02  0.8601324831586757E+02  0.2229E-12  172
 0.3697230616410429E-02  0.8651317309502774E+02  0.2151E-12  173
 0.3662931345313261E-02  0.8701309727842590E+02  0.2047E-12  174
 0.3628762583012490E-02  0.8751302110836546E+02  0.2022E-12  175
 0.3594324937404694E-02  0.8801294539374574E+02  0.1807E-12  176
 0.3559848697225282E-02  0.8851287067575267E+02  0.1744E-12  177
 0.3525691223866791E-02  0.8901279710531217E+02  0.1668E-12  178
 0.3492098874513751E-02  0.8951272462732017E+02  0.1823E-12  179
 0.3459181075552611E-02  0.9001265315642596E+02  0.1749E-12  180
 0.3426945607291076E-02  0.9051258266309569E+02  0.1698E-12  181
 0.3395310130143730E-02  0.9101251318581355E+02  0.1377E-12  182
 0.3364077720807104E-02  0.9151244477963564E+02  0.8245E-13  183
 0.3332926015074396E-02  0.9201237738881271E+02  0.1068E-12  184
 0.3301521720923131E-02  0.9251231066776340E+02  0.1266E-12  185
 0.3269865214270620E-02  0.9301224392172047E+02  0.1222E-12  186
 0.3238720785775804E-02  0.9351217650280792E+02  0.1552E-12  187
 0.3209470970835363E-02  0.9401210876263151E+02  0.7722E-13  188
 0.3182674691992355E-02  0.9451204260696161E+02  0.1022E-12  189
 0.3156332976849614E-02  0.9501197982693424E+02  0.9642E-13  190
 0.3127359395251244E-02  0.9551191876696876E+02  0.9192E-13  191
 0.3096854602414789E-02  0.9601185515633588E+02  0.1298E-12  192
 0.3070170961554387E-02  0.9651178967640676E+02  0.7881E-13  193
 0.3046566528135108E-02  0.9701172875725061E+02  0.7940E-13  194
 0.3018588870091102E-02  0.9751167078225565E+02  0.8053E-13  195
 0.2989860198042978E-02  0.9801160774549491E+02  0.1910E-12  196
 0.2967636096555784E-02  0.9851154643967651E+02  0.5906E-13  197
 0.2941589179687026E-02  0.9901149095996098E+02  0.8604E-13  198
 0.2913838508521421E-02  0.9951142925897487E+02  0.8176E-13  199
 0.2893236450642972E-02  0.1000113712178724E+03  0.5564E-13  200
 0.2865543158162043E-02  0.1005113161618226E+03  0.5819E-13  201
 0.2842922986726128E-02  0.1010112551111127E+03  0.5274E-13  202
 0.2819720332986851E-02  0.1015112028897917E+03  0.4918E-13  203
 0.2794318906982403E-02  0.1020111430750843E+03  0.9812E-13  204
 0.2774102388169988E-02  0.1025110909413120E+03  0.9464E-13  205
 0.2747986396386967E-02  0.1030110331835961E+03  0.5430E-13  206
 0.2728886335956909E-02  0.1035109815824565E+03  0.7706E-13  207
 0.2703508578368703E-02  0.1040109247121608E+03  0.2297E-13  208
 0.2684142055195525E-02  0.1045108748814429E+03  0.4789E-13  209
 0.2661065362541191E-02  0.1050108179634913E+03  0.5089E-13  210
 0.2639481985394444E-02  0.1055107698637641E+03  0.4954E-13  211
 0.2620585654217294E-02  0.1060107143991024E+03  0.3116E-13  212
 0.2595995316932075E-02  0.1065106647087914E+03  0.7265E-13  213
 0.2579342203034513E-02  0.1070106148948611E+03  0.6696E-13  214
 0.2557167270271933E-02  0.1075105609423506E+03  0.7621E-13  215
 0.2535580753596112E-02  0.1080105144955949E+03  0.3043E-13  216
 0.2519502983427776E-02  0.1085104643642893E+03  0.7031E-13  217
 0.2497816230266307E-02  0.1090104123177197E+03  0.2062E-13  218
 0.2476598511066316E-02  0.1095103666245735E+03  0.1671E-13  219
 0.2460767355816632E-02  0.1100103194189978E+03  0.1463E-12  220
 0.2442344161350009E-02  0.1105102684078423E+03  0.5674E-13  221
 0.2420634701726488E-02  0.1110102209001061E+03  0.1464E-13  222
 0.2402060858287052E-02  0.1115101769111749E+03  0.6255E-13  223
 0.2386660362552265E-02  0.1120101308859559E+03  0.9181E-14  224
 0.2369718066668793E-02  0.1125100823237379E+03  0.7830E-13  225
 0.2350082085370289E-02  0.1130100350401672E+03  0.5408E-13  226
 0.2330534797231902E-02  0.1135099908073375E+03  0.6871E-13  227
 0.2313231100230814E-02  0.1140099480182394E+03  0.1410E-12  228
 0.2297767612145046E-02  0.1145099045587401E+03  0.1041E-12  229
 0.2282558387869632E-02  0.1150098598531911E+03  0.1060E-12  230
 0.2266544590073961E-02  0.1155098146405615E+03  0.1151E-13  231
 0.2249656410427261E-02  0.1160097698829956E+03  0.1571E-12  232
 0.2232377495845422E-02  0.1165097260946112E+03  0.1845E-13  233
 0.2215216923744906E-02  0.1170096832990007E+03  0.1090E-13  234
 0.2198463307074309E-02  0.1175096412698561E+03  0.5627E-13  235
 0.2182185929242083E-02  0.1180095997510632E+03  0.2781E-13  236
 0.2166330638023067E-02  0.1185095585583417E+03  0.1201E-12  237
 0.2150808886542137E-02  0.1190095175904684E+03  0.2434E-13  238
 0.2135549394987505E-02  0.1195094768031858E+03  0.3779E-13  239
 0.2120519449928774E-02  0.1200094361822030E+03  0.4938E-14  240
 0.2105729872699658E-02  0.1205093957303383E+03  0.2596E-14  241
 0.2091231243710049E-02  0.1210093554729101E+03  0.4035E-14  242
 0.2077098586495425E-02  0.1215093154780987E+03  0.4665E-13  243
 0.2063394226856547E-02  0.1220092758818896E+03  0.1281E-13  244
 0.2050100126146346E-02  0.1225092368924198E+03  0.8396E-13  245
 0.2037032763869657E-02  0.1230091987337996E+03  0.1559E-13  246
 0.2023801043386597E-02  0.1235091614959616E+03  0.9167E-13  247
 0.2009917473237019E-02  0.1240091249236034E+03  0.9427E-14  248
 0.1995143937449716E-02  0.1245090883160151E+03  0.1129E-12  249
 0.1979939068396844E-02  0.1250090508156452E+03  0.2023E-13  250
 0.1965528368122294E-02  0.1255090121766611E+03  0.3623E-13  251
 0.1953065477045937E-02  0.1260089734730482E+03  0.1447E-13  252
 0.1942172908530554E-02  0.1265089366235145E+03  0.4311E-13  253
 0.1930562983348542E-02  0.1270089023132191E+03  0.1084E-12  254
 0.1916382376945475E-02  0.1275088683565887E+03  0.3009E-13  255
 0.1901337022150604E-02  0.1280088318404347E+03  0.9676E-14  256
 0.1889205636271604E-02  0.1285087937957402E+03  0.4311E-13  257
 0.1879644341319062E-02  0.1290087587093101E+03  0.3117E-13  258
 0.1867528428182945E-02  0.1295087267806823E+03  0.6102E-12  259
 0.1852404478350308E-02  0.1300086922485843E+03  0.1640E-12  260
 0.1840698859318980E-02  0.1305086548359382E+03  0.4306E-13  261
 0.1831944287792811E-02  0.1310086216324025E+03  0.2280E-13  262
 0.1818573354970580E-02  0.1315085907162343E+03  0.1315E-13  263
 0.1804711677792494E-02  0.1320085546520886E+03  0.1704E-13  264
 0.1796500878477355E-02  0.1325085202641995E+03  0.1664E-12  265
 0.1784598208382871E-02  0.1330084907394342E+03  0.2507E-12  266
 0.1770568176710187E-02  0.1335084556448678E+03  0.1166E-12  267
 0.1762972841275690E-02  0.1340084221839281E+03  0.1675E-12  268
 0.1750354480378775E-02  0.1345083932690806E+03  0.2213E-12  269
 0.1738068213198731E-02  0.1350083576886225E+03  0.9774E-10  270
 0.1730671029519342E-02  0.1355083275967432E+03  0.9546E-10  271
 0.1716166712600616E-02  0.1360082967680517E+03  0.9460E-10  272
 0.1708316131787965E-02  0.1365082626448877E+03  0.9142E-10  273
 0.1696810248900103E-02  0.1370082353310696E+03  0.9070E-10  274
 0.1685654559989523E-02  0.1375082005475084E+03  0.8818E-10  275
 0.1677536596906650E-02  0.1380081732188723E+03  0.8694E-10  276
 0.1664236061494908E-02  0.1385081402539937E+03  0.8520E-10  277
 0.1657783474201233E-02  0.1390081117181422E+03  0.8310E-10  278
 0.1643905305828129E-02  0.1395080806785136E+03  0.8203E-10  279
 0.1637984269976954E-02  0.1400080514855803E+03  0.7986E-10  280
 0.1624189732759656E-02  0.1405080214626823E+03  0.7900E-10  281
 0.1618455916118373E-02  0.1410079926363989E+03  0.7685E-10  282
 0.1604949261062984E-02  0.1415079625605959E+03  0.7587E-10  283
 0.1599108950429045E-02  0.1420079351194486E+03  0.7415E-10  284
 0.1586446820660388E-02  0.1425079040733988E+03  0.7267E-10  285
 0.1579520277585501E-02  0.1430078786295346E+03  0.7160E-10  286
 0.1569101559097915E-02  0.1435078465474342E+03  0.6966E-10  287
 0.1559467421573135E-02  0.1440078222393578E+03  0.6920E-10  288
 0.1552584339858862E-02  0.1445077911340744E+03  0.6689E-10  289
 0.1540103666146255E-02  0.1450077648785904E+03  0.6656E-10  290
 0.1534862862521867E-02  0.1455077380863672E+03  0.6495E-10  291
 0.1523700343571272E-02  0.1460077078232419E+03  0.6353E-10  292
 0.1514717555483594E-02  0.1465076842750784E+03  0.6295E-10  293
 0.1508809868784570E-02  0.1470076549520142E+03  0.6114E-10  294
 0.1496730978260108E-02  0.1475076275200764E+03  0.6029E-10  295
 0.1489780269981623E-02  0.1480076039918612E+03  0.5954E-10  296
 0.1483084511072909E-02  0.1485075745823530E+03  0.5768E-10  297
 0.1471376686681115E-02  0.1490075482377814E+03  0.5706E-10  298
 0.1464471612894612E-02  0.1495075251141889E+03  0.5637E-10  299
 0.1458457605276146E-02  0.1500074968306654E+03  0.5473E-10  300
 0.1447459753632571E-02  0.1505074697934733E+03  0.5392E-10  301
 0.1438936927502048E-02  0.1510074472343280E+03  0.5350E-10  302
 0.1433932253016897E-02  0.1515074216584047E+03  0.5209E-10  303
 0.1425434946023641E-02  0.1520073935646054E+03  0.5084E-10  304
 0.1414887352005054E-02  0.1525073692913328E+03  0.5037E-10  305
 0.1407964696457246E-02  0.1530073469764073E+03  0.4982E-10  306
 0.1402804076525525E-02  0.1535073214809292E+03  0.4840E-10  307
 0.1394668910328602E-02  0.1540072943750167E+03  0.4733E-10  308
 0.1384626275273340E-02  0.1545072700612727E+03  0.4672E-10  309
 0.1376737197270408E-02  0.1550072481419249E+03  0.4626E-10  310
 0.1371380685928660E-02  0.1555072249819333E+03  0.4539E-10  311
 0.1365508403510875E-02  0.1560071994196680E+03  0.4428E-10  312
 0.1357303628678720E-02  0.1565071737114929E+03  0.4334E-10  313
 0.1348047389218723E-02  0.1570071500631281E+03  0.4279E-10  314
 0.1339952912925831E-02  0.1575071282456658E+03  0.4238E-10  315
 0.1333732118850273E-02  0.1580071064699322E+03  0.4162E-10  316
 0.1328378460151361E-02  0.1585070834213194E+03  0.4086E-10  317
 0.1322481705261696E-02  0.1590070591876458E+03  0.3993E-10  318
 0.1315388762725301E-02  0.1595070347687808E+03  0.3905E-10  319
 0.1307397213482945E-02  0.1600070111169961E+03  0.3850E-10  320
 0.1299253188513683E-02  0.1605069885797318E+03  0.3793E-10  321
 0.1291587404037184E-02  0.1610069669292963E+03  0.3735E-10  322
 0.1284654309337432E-02  0.1615069456897321E+03  0.3693E-10  323
 0.1278370385573963E-02  0.1620069244404043E+03  0.3632E-10  324
 0.1272484682299241E-02  0.1625069029566918E+03  0.3574E-10  325
 0.1266737934129212E-02  0.1630068812065841E+03  0.3512E-10  326
 0.1260949411320203E-02  0.1635068592774421E+03  0.3442E-10  327
 0.1255035077667405E-02  0.1640068372976142E+03  0.3383E-10  328
 0.1248986323502065E-02  0.1645068153841079E+03  0.3318E-10  329
 0.1242837130493757E-02  0.1650067936199148E+03  0.3261E-10  330
 0.1236636199764900E-02  0.1655067720529921E+03  0.3203E-10  331
 0.1230429129729981E-02  0.1660067507048465E+03  0.3144E-10  332
 0.1224249720374442E-02  0.1665067295815858E+03  0.3099E-10  333
 0.1218116962360981E-02  0.1670067086828085E+03  0.3041E-10  334
 0.1212034552818869E-02  0.1675066880065043E+03  0.2997E-10  335
 0.1205991224620848E-02  0.1680066675504532E+03  0.2945E-10  336
 0.1199961249524338E-02  0.1685066473092421E+03  0.2897E-10  337
 0.1193906279566908E-02  0.1690066272681179E+03  0.2856E-10  338
 0.1187780557578970E-02  0.1695066073939762E+03  0.2818E-10  339
 0.1181542351025106E-02  0.1700065876262958E+03  0.2775E-10  340
 0.1175173563349296E-02  0.1705065678729127E+03  0.2743E-10  341
 0.1168706165383412E-02  0.1710065480186211E+03  0.2703E-10  342
 0.1162247189359876E-02  0.1715065279546420E+03  0.2660E-10  343
 0.1155985233135902E-02  0.1720065076322080E+03  0.2618E-10  344
 0.1150155555209901E-02  0.1725064871289833E+03  0.2569E-10  345
 0.1144947344418231E-02  0.1730064666939722E+03  0.2521E-10  346
 0.1140366118033349E-02  0.1735064467182769E+03  0.2473E-10  347
 0.1136116108747097E-02  0.1740064275849146E+03  0.2422E-10  348
 0.1131617905541485E-02  0.1745064094125222E+03  0.2388E-10  349
 0.1126263778422994E-02  0.1750063918275741E+03  0.2355E-10  350
 0.1119866101308205E-02  0.1755063740026654E+03  0.2334E-10  351
 0.1113000949129789E-02  0.1760063551263150E+03  0.2304E-10  352
 0.1106819322878003E-02  0.1765063351175235E+03  0.2269E-10  353
 0.1102191511294766E-02  0.1770063149779309E+03  0.2225E-10  354
 0.1098735687862888E-02  0.1775062961771289E+03  0.2171E-10  355
 0.1094799782504389E-02  0.1780062792270272E+03  0.2138E-10  356
 0.1088971389081113E-02  0.1785062627740292E+03  0.2127E-10  357
 0.1081909653134008E-02  0.1790062447292344E+03  0.2104E-10  358
 0.1076029244839681E-02  0.1795062248297114E+03  0.2066E-10  359
 0.1072568025809746E-02  0.1800062054519362E+03  0.2016E-10  360
 0.1069484579825085E-02  0.1805061887294977E+03  0.1982E-10  361
 0.1063906269942017E-02  0.1810061731500890E+03  0.1965E-10  362
 0.1056725179276041E-02  0.1815061552854136E+03  0.1944E-10  363
 0.1051765116375909E-02  0.1820061353985263E+03  0.1903E-10  364
 0.1049338410291921E-02  0.1825061176123044E+03  0.1868E-10  365
 0.1045049401505227E-02  0.1830061027018729E+03  0.1849E-10  366
 0.1037829341840524E-02  0.1835060859867062E+03  0.1828E-10  367
 0.1032667918423867E-02  0.1840060663038241E+03  0.1799E-10  368
 0.1030606524552402E-02  0.1845060490006958E+03  0.1758E-10  369
 0.1025881469885241E-02  0.1850060347219211E+03  0.1743E-10  370
 0.1018601485380583E-02  0.1855060173134815E+03  0.1735E-10  371
 0.1015136701327976E-02  0.1860059980057255E+03  0.1673E-10  372
 0.1012797151243782E-02  0.1865059830749800E+03  0.1664E-10  373
 0.1005921248542591E-02  0.1870059680862693E+03  0.1654E-10  374
 0.1000727290405934E-02  0.1875059487808922E+03  0.1625E-10  375
 0.9991875826102327E-03  0.1880059327748398E+03  0.1585E-10  376
 0.9931594936364999E-03  0.1885059189478449E+03  0.1588E-10  377
 0.9872829242171994E-03  0.1890059001042159E+03  0.1551E-10  378
 0.9859716358585084E-03  0.1895058839499976E+03  0.1522E-10  379
 0.9800111728194840E-03  0.1900058704868132E+03  0.1511E-10  380
 0.9745070002715838E-03  0.1905058516560100E+03  0.1483E-10  381
 0.9732854708390370E-03  0.1910058365233872E+03  0.1466E-10  382
 0.9665091191575424E-03  0.1915058225847593E+03  0.1451E-10  383
 0.9626252027099535E-03  0.1920058036935019E+03  0.1416E-10  384
 0.9605127004466551E-03  0.1925057905139806E+03  0.1400E-10  385
 0.9531658094805426E-03  0.1930057745597884E+03  0.1388E-10  386
 0.9517540149120631E-03  0.1935057572735999E+03  0.1353E-10  387
 0.9466669307913505E-03  0.1940057449903289E+03  0.1350E-10  388
 0.9415890425428419E-03  0.1945057265506333E+03  0.1317E-10  389
 0.9401580153451993E-03  0.1950057133581206E+03  0.1315E-10  390
 0.9328652356598544E-03  0.1955056977957185E+03  0.1295E-10  391
 0.9319828413829780E-03  0.1960056814715253E+03  0.1263E-10  392
 0.9258216244914051E-03  0.1965056689737498E+03  0.1262E-10  393
 0.9228992870915299E-03  0.1970056508489389E+03  0.1235E-10  394
 0.9192799186916948E-03  0.1975056393534962E+03  0.1225E-10  395
 0.9140343925490508E-03  0.1980056215107086E+03  0.1196E-10  396
 0.9124332502196366E-03  0.1985056093429099E+03  0.1191E-10  397
 0.9058047666221072E-03  0.1990055928564381E+03  0.1167E-10  398
 0.9051800366539093E-03  0.1995055795125189E+03  0.1153E-10  399
 0.8980916923403662E-03  0.2000055644285108E+03  0.1141E-10  400
 0.8977376386400223E-03  0.2005055501640006E+03  0.1112E-10  401
 0.8906512320890710E-03  0.2010055360501930E+03  0.1108E-10  402
 0.8903194856665879E-03  0.2015055213720701E+03  0.1084E-10  403
 0.8833198088815928E-03  0.2020055076942007E+03  0.1081E-10  404
 0.8830247116769722E-03  0.2025054931311199E+03  0.1057E-10  405
 0.8760579153133623E-03  0.2030054793620156E+03  0.1050E-10  406
 0.8758274616157918E-03  0.2035054654342480E+03  0.1026E-10  407
 0.8689481069688426E-03  0.2040054510538577E+03  0.1018E-10  408
 0.8685829024353533E-03  0.2045054382548847E+03  0.1002E-10  409
 0.8621803687779104E-03  0.2050054228315920E+03  0.9914E-11  410
 0.8610675305040735E-03  0.2055054114439199E+03  0.9767E-11  411
 0.8559631283353476E-03  0.2060053949451834E+03  0.9633E-11  412
 0.8531478647939041E-03  0.2065053846112748E+03  0.9549E-11  413
 0.8502639561189132E-03  0.2070053678896400E+03  0.9319E-11  414
 0.8451181250973032E-03  0.2075053572128332E+03  0.9307E-11  415
 0.8444628998902353E-03  0.2080053421035926E+03  0.9126E-11  416
 0.8378982885380257E-03  0.2085053291212272E+03  0.9036E-11  417
 0.8374890569031250E-03  0.2090053171759995E+03  0.8879E-11  418
 0.8323493216234225E-03  0.2095053014023711E+03  0.8762E-11  419
 0.8291333251440754E-03  0.2100052914537972E+03  0.8763E-11  420
 0.8276201817007185E-03  0.2105052758190262E+03  0.8514E-11  421
 0.8214106749458791E-03  0.2110052638116329E+03  0.8471E-11  422
 0.8210446583986731E-03  0.2115052520384698E+03  0.8370E-11  423
 0.8164682828158155E-03  0.2120052364429800E+03  0.8185E-11  424
 0.8123615324692441E-03  0.2125052265437225E+03  0.8153E-11  425
 0.8118860373264602E-03  0.2130052124784119E+03  0.8000E-11  426
 0.8059645894733451E-03  0.2135051987064761E+03  0.7911E-11  427
 0.8037462951184674E-03  0.2140051889012329E+03  0.7907E-11  428
 0.8022774354091899E-03  0.2145051739337810E+03  0.7696E-11  429
 0.7962941603103352E-03  0.2150051615236958E+03  0.7660E-11  430
 0.7948673846796389E-03  0.2155051514291441E+03  0.7617E-11  431
 0.7929271433956768E-03  0.2160051364540940E+03  0.7396E-11  432
 0.7871137866186230E-03  0.2165051244570648E+03  0.7354E-11  433
 0.7856421966574491E-03  0.2170051144888950E+03  0.7287E-11  434
 0.7840262273614722E-03  0.2175050999333239E+03  0.7108E-11  435
 0.7783701282445832E-03  0.2180050874757935E+03  0.7053E-11  436
 0.7760874446246988E-03  0.2185050779593739E+03  0.7017E-11  437
 0.7753128160717382E-03  0.2190050644485717E+03  0.6849E-11  438
 0.7703458294900609E-03  0.2195050508824739E+03  0.6774E-11  439
 0.7664704042002446E-03  0.2200050413215368E+03  0.6777E-11  440
 0.7660654532499276E-03  0.2205050298416902E+03  0.6609E-11  441
 0.7630644835091461E-03  0.2210050155575881E+03  0.6507E-11  442
 0.7578341803459370E-03  0.2215050043433403E+03  0.6489E-11  443
 0.7558365379779617E-03  0.2220049948873190E+03  0.6427E-11  444
 0.7551334544998378E-03  0.2225049821944905E+03  0.6305E-11  445
 0.7511588935603553E-03  0.2230049685962163E+03  0.6193E-11  446
 0.7464484895328524E-03  0.2235049582732610E+03  0.6183E-11  447
 0.7448734885716682E-03  0.2240049486758627E+03  0.6115E-11  448
 0.7440187226583655E-03  0.2245049361276260E+03  0.6032E-11  449
 0.7403127981233204E-03  0.2250049228145241E+03  0.5887E-11  450
 0.7356212448349704E-03  0.2255049122411717E+03  0.5862E-11  451
 0.7333972270438892E-03  0.2260049029724565E+03  0.5830E-11  452
 0.7327357078977295E-03  0.2265048916050444E+03  0.5731E-11  453
 0.7303220944654768E-03  0.2270048784508442E+03  0.5609E-11  454
 0.7258456924274816E-03  0.2275048666364356E+03  0.5556E-11  455
 0.7220977033191685E-03  0.2280048570967148E+03  0.5533E-11  456
 0.7205947756033806E-03  0.2285048475427654E+03  0.5472E-11  457
 0.7197084127511254E-03  0.2290048359901106E+03  0.5386E-11  458
 0.7171860067783128E-03  0.2295048232856697E+03  0.5278E-11  459
 0.7130401892840111E-03  0.2300048116776424E+03  0.5225E-11  460
 0.7092072440120053E-03  0.2305048019383725E+03  0.5200E-11  461
 0.7070685286202485E-03  0.2310047927298681E+03  0.5169E-11  462
 0.7060807759557297E-03  0.2315047823621703E+03  0.5086E-11  463
 0.7046268462952395E-03  0.2320047705439797E+03  0.4993E-11  464
 0.7017354059399648E-03  0.2325047584435204E+03  0.4911E-11  465
 0.6978647620140923E-03  0.2330047473797525E+03  0.4873E-11  466
 0.6942519643751614E-03  0.2335047376556590E+03  0.4837E-11  467
 0.6917656573354288E-03  0.2340047285085670E+03  0.4809E-11  468
 0.6903269721424807E-03  0.2345047188932576E+03  0.4749E-11  469
 0.6891514593864597E-03  0.2350047082716780E+03  0.4679E-11  470
 0.6874067212130527E-03  0.2355046968704668E+03  0.4601E-11  471
 0.6847440982197922E-03  0.2360046853864455E+03  0.4538E-11  472
 0.6814032451158753E-03  0.2365046744762782E+03  0.4468E-11  473
 0.6779478407028054E-03  0.2370046644031096E+03  0.4438E-11  474
 0.6749010969840021E-03  0.2375046549968022E+03  0.4404E-11  475
 0.6725107850849470E-03  0.2380046458411516E+03  0.4373E-11  476
 0.6707130852526638E-03  0.2385046365160388E+03  0.4326E-11  477
 0.6692387844510241E-03  0.2390046267650802E+03  0.4277E-11  478
 0.6677664749649334E-03  0.2395046165466706E+03  0.4208E-11  479
 0.6660468396551156E-03  0.2400046059904032E+03  0.4153E-11  480
 0.6639622205860356E-03  0.2405045953077059E+03  0.4086E-11  481
 0.6615234516422893E-03  0.2410045847051191E+03  0.4035E-11  482
 0.6588277990664481E-03  0.2415045743282809E+03  0.3984E-11  483
 0.6560066264744169E-03  0.2420045642438952E+03  0.3937E-11  484
 0.6531828027843632E-03  0.2425045544494470E+03  0.3903E-11  485
 0.6504464164488997E-03  0.2430045448974282E+03  0.3870E-11  486
 0.6478475689133909E-03  0.2435045355203023E+03  0.3832E-11  487
 0.6454009335696234E-03  0.2440045262505889E+03  0.3794E-11  488
 0.6430957748815210E-03  0.2445045170325798E+03  0.3762E-11  489
 0.6409068697178721E-03  0.2450045078274130E+03  0.3721E-11  490
 0.6388035182422180E-03  0.2455044986123912E+03  0.3685E-11  491
 0.6367558093252693E-03  0.2460044893782133E+03  0.3649E-11  492
 0.6347381137124531E-03  0.2465044801249757E+03  0.3604E-11  493
 0.6327304035368184E-03  0.2470044708581573E+03  0.3562E-11  494
 0.6307182133978221E-03  0.2475044615855015E+03  0.3527E-11  495
 0.6286918916751109E-03  0.2480044523148863E+03  0.3493E-11  496
 0.6266455614139776E-03  0.2485044430524513E+03  0.3450E-11  497
 0.6245762796571668E-03  0.2490044338019639E+03  0.3412E-11  498
 0.6224834663672623E-03  0.2495044245643322E+03  0.3368E-11  499
 0.6203687441005967E-03  0.2500044153376482E+03  0.3341E-11  500
 0.6182361053707874E-03  0.2505044061170001E+03  0.3293E-11  501
 0.6160926136445337E-03  0.2510043968958815E+03  0.3266E-11  502
 0.6139490954199688E-03  0.2515043876665765E+03  0.3227E-11  503
 0.6118209826792783E-03  0.2520043784221725E+03  0.3185E-11  504
 0.6097287071424576E-03  0.2525043691588326E+03  0.3135E-11  505
 0.6076973182441172E-03  0.2530043598790761E+03  0.3126E-11  506
 0.6057545237177780E-03  0.2535043505948195E+03  0.3075E-11  507
 0.6039269262561775E-03  0.2540043413309147E+03  0.3043E-11  508
 0.6022338033425910E-03  0.2545043321267827E+03  0.2984E-11  509
 0.6006789037882265E-03  0.2550043230353054E+03  0.2957E-11  510
 0.5992413648267388E-03  0.2555043141171521E+03  0.2919E-11  511
 0.5978684801762562E-03  0.2560043054290076E+03  0.2883E-11  512
 0.5964741195371135E-03  0.2565042970057899E+03  0.2859E-11  513
 0.5949476035920380E-03  0.2570042888397608E+03  0.2787E-11  514
 0.5931765355756274E-03  0.2575042808630603E+03  0.2815E-11  515
 0.5910826640514440E-03  0.2580042729423886E+03  0.2767E-11  516
 0.5886635686613346E-03  0.2585042648980208E+03  0.2774E-11  517
 0.5860232537659256E-03  0.2590042565505385E+03  0.2767E-11  518
 0.5833718695862971E-03  0.2595042477891159E+03  0.2706E-11  519
 0.5809783517909606E-03  0.2600042386399787E+03  0.2659E-11  520
 0.5790765327430402E-03  0.2605042293001153E+03  0.2641E-11  521
 0.5777498147545275E-03  0.2610042201046677E+03  0.2589E-11  522
 0.5768444145539804E-03  0.2615042114103736E+03  0.2564E-11  523
 0.5759744257093918E-03  0.2620042034216071E+03  0.2582E-11  524
 0.5746627336382835E-03  0.2625041960322572E+03  0.2509E-11  525
 0.5725940620277044E-03  0.2630041887996781E+03  0.2497E-11  526
 0.5698530739248318E-03  0.2635041811296338E+03  0.2500E-11  527
 0.5669650414034780E-03  0.2640041726270928E+03  0.2465E-11  528
 0.5646364531028357E-03  0.2645041634071431E+03  0.2408E-11  529
 0.5632950812748831E-03  0.2650041541196164E+03  0.2362E-11  530
 0.5627161818290581E-03  0.2655041455808495E+03  0.2350E-11  531
 0.5620582474233711E-03  0.2660041381709582E+03  0.2290E-11  532
 0.5604319788455720E-03  0.2665041314218277E+03  0.2328E-11  533
 0.5576765865984853E-03  0.2670041242581788E+03  0.2317E-11  534
 0.5546411918076423E-03  0.2675041158797462E+03  0.2256E-11  535
 0.5525381319606731E-03  0.2680041065686488E+03  0.2234E-11  536
 0.5518074701816828E-03  0.2685040975774326E+03  0.2228E-11  537
 0.5515443137678682E-03  0.2690040900018357E+03  0.2186E-11  538
 0.5502475222848140E-03  0.2695040835731436E+03  0.2143E-11  539
 0.5474283539655014E-03  0.2700040767363989E+03  0.2139E-11  540
 0.5443389514668911E-03  0.2705040683016409E+03  0.2171E-11  541
 0.5426722064350769E-03  0.2710040589361810E+03  0.2099E-11  542
 0.5425066457333372E-03  0.2715040505581729E+03  0.2136E-11  543
 0.5419933171290931E-03  0.2720040440196462E+03  0.2095E-11  544
 0.5395952827876127E-03  0.2725040378021258E+03  0.1991E-11  545
 0.5363012218612785E-03  0.2730040298551841E+03  0.2015E-11  546
 0.5344679538559793E-03  0.2735040205115031E+03  0.2068E-11  547
 0.5344696073555436E-03  0.2740040122318762E+03  0.1967E-11  548
 0.5339126418088726E-03  0.2745040060791404E+03  0.2009E-11  549
 0.5311207032115535E-03  0.2750039998629694E+03  0.1946E-11  550
 0.5279743020411171E-03  0.2755039913986105E+03  0.1922E-11  551
 0.5270663917808650E-03  0.2760039821812842E+03  0.1873E-11  552
 0.5273164337389357E-03  0.2765039751355118E+03  0.1838E-11  553
 0.5255321480448984E-03  0.2770039695732785E+03  0.1864E-11  554
 0.5220605294279466E-03  0.2775039621031448E+03  0.1919E-11  555
 0.5204301480990611E-03  0.2780039527769817E+03  0.1825E-11  556
 0.5208440654007106E-03  0.2785039452406854E+03  0.1837E-11  557
 0.5195194348903220E-03  0.2790039398802829E+03  0.1818E-11  558
 0.5159964133878327E-03  0.2795039327661043E+03  0.1761E-11  559
 0.5143346470762620E-03  0.2800039234628655E+03  0.1774E-11  560
 0.5148716943878378E-03  0.2805039161648234E+03  0.1725E-11  561
 0.5132452939002012E-03  0.2810039110030240E+03  0.1753E-11  562
 0.5096863347164369E-03  0.2815039034624987E+03  0.1755E-11  563
 0.5087858190874917E-03  0.2820038942615353E+03  0.1664E-11  564
 0.5092388879742717E-03  0.2825038879981090E+03  0.1667E-11  565
 0.5065397293818547E-03  0.2830038826401141E+03  0.1644E-11  566
 0.5035641175099076E-03  0.2835038739850932E+03  0.1580E-11  567
 0.5039590774220666E-03  0.2840038657610930E+03  0.1605E-11  568
 0.5031782131056915E-03  0.2845038608111573E+03  0.1631E-11  569
 0.4995116696089807E-03  0.2850038538805657E+03  0.1609E-11  570
 0.4986109928361739E-03  0.2855038447128178E+03  0.1582E-11  571
 0.4990926480912930E-03  0.2860038389279454E+03  0.1539E-11  572
 0.4958932208876382E-03  0.2865038334010342E+03  0.1485E-11  573
 0.4937563298145343E-03  0.2870038243074554E+03  0.1556E-11  574
 0.4946395546223380E-03  0.2875038175467820E+03  0.1500E-11  575
 0.4921850005423012E-03  0.2880038127408204E+03  0.1494E-11  576
 0.4893283978610052E-03  0.2885038040698811E+03  0.1575E-11  577
 0.4902191691417430E-03  0.2890037967155678E+03  0.1487E-11  578
 0.4882482571495939E-03  0.2895037922022591E+03  0.1441E-11  579
 0.4851242298300639E-03  0.2900037838124912E+03  0.1413E-11  580
 0.4860225479885831E-03  0.2905037763330038E+03  0.1420E-11  581
 0.4840927460078811E-03  0.2910037719375925E+03  0.1430E-11  582
 0.4810507309762749E-03  0.2915037634990433E+03  0.1426E-11  583
 0.4820765740445255E-03  0.2920037563660788E+03  0.1383E-11  584
 0.4797189534897947E-03  0.2925037519260656E+03  0.1444E-11  585
 0.4771734490193302E-03  0.2930037431567980E+03  0.1377E-11  586
 0.4782710209300211E-03  0.2935037368823030E+03  0.1313E-11  587
 0.4751351572920165E-03  0.2940037319800280E+03  0.1300E-11  588
 0.4736728795972700E-03  0.2945037229364139E+03  0.1329E-11  589
 0.4743135003561079E-03  0.2950037179273347E+03  0.1300E-11  590
 0.4705309161694840E-03  0.2955037118023794E+03  0.1296E-11  591
 0.4706449529447056E-03  0.2960037032356682E+03  0.1281E-11  592
 0.4697934032097549E-03  0.2965036992362984E+03  0.1240E-11  593
 0.4664571408169148E-03  0.2970036912900010E+03  0.1259E-11  594
 0.4676858940193147E-03  0.2975036845748386E+03  0.1250E-11  595
 0.4646774307319793E-03  0.2980036800340618E+03  0.1308E-11  596
 0.4635195401491240E-03  0.2985036710975166E+03  0.1211E-11  597
 0.4637478941750927E-03  0.2990036668012067E+03  0.1258E-11  598
 0.4600252753048207E-03  0.2995036597132861E+03  0.1223E-11  599
 0.4611872283162670E-03  0.3000036525315876E+03  0.1083E-11  600
 0.4584245550557468E-03  0.3005036483207311E+03  0.1161E-11  601
 0.4572657391289204E-03  0.3010036394579594E+03  0.1156E-11  602
 0.4573317697017535E-03  0.3015036354305606E+03  0.1174E-11  603
 0.4538118885541124E-03  0.3020036279544740E+03  0.1175E-11  604
 0.4551757223196397E-03  0.3025036216622348E+03  0.1115E-11  605
 0.4516975880033517E-03  0.3030036167769975E+03  0.1127E-11  606
 0.4518606371739728E-03  0.3035036083920210E+03  0.1089E-11  607
 0.4503766140176941E-03  0.3040036048351265E+03  0.1134E-11  608
 0.4483019514580452E-03  0.3045035962308796E+03  0.1059E-11  609
 0.4488874280499458E-03  0.3050035920257529E+03  0.1025E-11  610
 0.4452941456130101E-03  0.3055035848564110E+03  0.1094E-11  611
 0.4467192790212621E-03  0.3060035789028074E+03  0.1067E-11  612
 0.4430227956832717E-03  0.3065035736413517E+03  0.1011E-11  613
 0.4439439335455742E-03  0.3070035660360111E+03  0.1036E-11  614
 0.4412360272296334E-03  0.3075035621654131E+03  0.1036E-11  615
 0.4409055287324518E-03  0.3080035536789279E+03  0.1026E-11  616
 0.4395850419394987E-03  0.3085035503346174E+03  0.1020E-11  617
 0.4379139586753645E-03  0.3090035417948431E+03  0.9886E-12  618
 0.4378335081254245E-03  0.3095035382639367E+03  0.1007E-11  619
 0.4351240811787984E-03  0.3100035302198715E+03  0.9693E-12  620
 0.4358984853024624E-03  0.3105035261243188E+03  0.1020E-11  621
 0.4325554589451163E-03  0.3110035187924245E+03  0.1031E-11  622
 0.4338012891694659E-03  0.3115035140515125E+03  0.1005E-11  623
 0.4301577842115835E-03  0.3120035074059602E+03  0.9606E-12  624
 0.4316045931690614E-03  0.3125035021225501E+03  0.9618E-12  625
 0.4278650705995662E-03  0.3130034960087098E+03  0.9334E-12  626
 0.4293698822699540E-03  0.3135034903682867E+03  0.1044E-11  627
 0.4256247316442833E-03  0.3140034845833908E+03  0.1038E-11  628
 0.4271384701452957E-03  0.3145034787953968E+03  0.9452E-12  629
 0.4234078156640551E-03  0.3150034731271598E+03  0.9063E-12  630
 0.4249262410749055E-03  0.3155034674028539E+03  0.8566E-12  631
 0.4212109174549016E-03  0.3160034616403983E+03  0.8602E-12  632
 0.4227235291353743E-03  0.3165034561887651E+03  0.9290E-12  633
 0.4190555902931637E-03  0.3170034501251237E+03  0.9426E-12  634
 0.4204959719677288E-03  0.3175034451458720E+03  0.8485E-12  635
 0.4169862941414276E-03  0.3180034385934503E+03  0.9204E-12  636
 0.4181890021327379E-03  0.3185034342492194E+03  0.8574E-12  637
 0.4150625653586870E-03  0.3190034270843427E+03  0.8181E-12  638
 0.4157421811950687E-03  0.3195034234366925E+03  0.8683E-12  639
 0.4133368912725710E-03  0.3200034156821460E+03  0.8129E-12  640
 0.4131219691377216E-03  0.3205034125949923E+03  0.9099E-12  641
 0.4118123199691724E-03  0.3210034045223886E+03  0.8221E-12  642
 0.4103733350578077E-03  0.3215034015707444E+03  0.7892E-12  643
 0.4103862454627954E-03  0.3220033937594541E+03  0.7895E-12  644
 0.4076685591317378E-03  0.3225033902335186E+03  0.7992E-12  645
 0.4088176591738515E-03  0.3230033834733938E+03  0.7693E-12  646
 0.4052991813102399E-03  0.3235033785939733E+03  0.7076E-12  647
 0.4067879868924319E-03  0.3240033735325092E+03  0.6470E-12  648
 0.4035460764453924E-03  0.3245033669230436E+03  0.6914E-12  649
 0.4041125978666181E-03  0.3250033635167852E+03  0.8594E-12  650
 0.4024201067319685E-03  0.3255033557360431E+03  0.7430E-12  651
 0.4010257872276297E-03  0.3260033528782911E+03  0.7347E-12  652
 0.4014323843104282E-03  0.3265033454898561E+03  0.6608E-12  653
 0.3982514899355663E-03  0.3270033413998370E+03  0.7424E-12  654
 0.3997399942342754E-03  0.3275033360535378E+03  0.6546E-12  655
 0.3965432437699647E-03  0.3280033296442215E+03  0.7339E-12  656
 0.3968890290714245E-03  0.3285033264659206E+03  0.7426E-12  657
 0.3958238975461790E-03  0.3290033187653049E+03  0.6924E-12  658
 0.3936112753997152E-03  0.3295033156629712E+03  0.7098E-12  659
 0.3948177018513883E-03  0.3300033093587307E+03  0.7805E-12  660
 0.3914288916325985E-03  0.3305033038569229E+03  0.6570E-12  661
 0.3922405506358400E-03  0.3310033003267009E+03  0.6938E-12  662
 0.3908105636192944E-03  0.3315032927957793E+03  0.6756E-12  663
 0.3887836907778508E-03  0.3320032898093112E+03  0.7653E-12  664
 0.3899945100895451E-03  0.3325032836624648E+03  0.5981E-12  665
 0.3867259870766305E-03  0.3330032779676587E+03  0.7386E-12  666
 0.3871429193187931E-03  0.3335032748132115E+03  0.6005E-12  667
 0.3864600745149458E-03  0.3340032673808411E+03  0.6913E-12  668
 0.3837409636918217E-03  0.3345032638610392E+03  0.6086E-12  669
 0.3851429531961734E-03  0.3350032589288494E+03  0.6503E-12  670
 0.3826289385201003E-03  0.3355032521747889E+03  0.6740E-12  671
 0.3815623904452312E-03  0.3360032494729430E+03  0.6565E-12  672
 0.3824124755181351E-03  0.3365032429914212E+03  0.5932E-12  673
 0.3792101248374327E-03  0.3370032376839790E+03  0.6026E-12  674
 0.3795323337770211E-03  0.3375032346304860E+03  0.7071E-12  675
 0.3792821979176170E-03  0.3380032274935990E+03  0.6832E-12  676
 0.3762707030988589E-03  0.3385032234025318E+03  0.6758E-12  677
 0.3773084897412387E-03  0.3390032196050025E+03  0.5726E-12  678
 0.3761325801600137E-03  0.3395032124648208E+03  0.6827E-12  679
 0.3735972233927636E-03  0.3400032090816283E+03  0.5580E-12  680
 0.3748619740828399E-03  0.3405032046756924E+03  0.5533E-12  681
 0.3731557969125066E-03  0.3410031977543783E+03  0.5477E-12  682
 0.3709889275773594E-03  0.3415031946803992E+03  0.5867E-12  683
 0.3722736637597176E-03  0.3420031899913110E+03  0.5500E-12  684
 0.3704044338319078E-03  0.3425031832335117E+03  0.5518E-12  685
 0.3683438399295684E-03  0.3430031802216573E+03  0.5715E-12  686
 0.3695982530102567E-03  0.3435031755984342E+03  0.5907E-12  687
 0.3678820406339584E-03  0.3440031688595842E+03  0.5117E-12  688
 0.3656542702093503E-03  0.3445031657097476E+03  0.5863E-12  689
 0.3668193513959969E-03  0.3450031614783979E+03  0.5367E-12  690
 0.3655753017017381E-03  0.3455031546834977E+03  0.6092E-12  691
 0.3630017933089530E-03  0.3460031511236240E+03  0.5591E-12  692
 0.3638650151805334E-03  0.3465031475385827E+03  0.5257E-12  693
 0.3634149454081883E-03  0.3470031408323305E+03  0.5464E-12  694
 0.3605599929855758E-03  0.3475031364827011E+03  0.5684E-12  695
 0.3606896260281312E-03  0.3480031335735538E+03  0.5864E-12  696
 0.3611924429871138E-03  0.3485031274314508E+03  0.4936E-12  697
 0.3585358046647115E-03  0.3490031219704283E+03  0.4745E-12  698
 0.3574368263564398E-03  0.3495031192950526E+03  0.5213E-12  699
 0.3585426992723548E-03  0.3500031144039909E+03  0.4300E-12  700
 0.3569471960503853E-03  0.3505031080081238E+03  0.5918E-12  701
 0.3545760700398613E-03  0.3510031045781878E+03  0.5002E-12  702
 0.3552072123537503E-03  0.3515031012435578E+03  0.5961E-12  703
 0.3552934310971366E-03  0.3520030950072744E+03  0.3906E-12  704
 0.3526723227532267E-03  0.3525030898930345E+03  0.7340E-12  705
 0.3516084572862000E-03  0.3530030872087104E+03  0.4868E-12  706
 0.3526512472736641E-03  0.3535030826469512E+03  0.4890E-12  707
 0.3515409233216776E-03  0.3540030763162817E+03  0.5738E-12  708
 0.3489829476666888E-03  0.3545030723373046E+03  0.4056E-12  709
 0.3488659359489409E-03  0.3550030695253086E+03  0.4043E-12  710
 0.3496607106968187E-03  0.3555030642278178E+03  0.4200E-12  711
 0.3479245811868497E-03  0.3560030582522606E+03  0.4163E-12  712
 0.3456839347157469E-03  0.3565030548164405E+03  0.5250E-12  713
 0.3459412376045428E-03  0.3570030517794317E+03  0.5262E-12  714
 0.3465161857470527E-03  0.3575030462860145E+03  0.4468E-12  715
 0.3446530053012337E-03  0.3580030405357498E+03  0.3793E-12  716
 0.3425316026011128E-03  0.3585030371902247E+03  0.4564E-12  717
 0.3427479317456762E-03  0.3590030341644291E+03  0.4151E-12  718
 0.3433609205230517E-03  0.3595030288651649E+03  0.4427E-12  719
 0.3417446194463331E-03  0.3600030230787744E+03  0.4295E-12  720
 0.3395025925065105E-03  0.3605030194549504E+03  0.3793E-12  721
 0.3393025732033767E-03  0.3610030166381699E+03  0.4322E-12  722
 0.3400948202720809E-03  0.3615030119233569E+03  0.3613E-12  723
 0.3391329901245812E-03  0.3620030060328768E+03  0.3845E-12  724
 0.3367976900908914E-03  0.3625030017124594E+03  0.3643E-12  725
 0.3357666743682552E-03  0.3630029989588917E+03  0.2091E-12  726
 0.3364563306188736E-03  0.3635029952218488E+03  0.7338E-12  727
 0.3364960107081170E-03  0.3640029896541413E+03  0.4283E-12  728
 0.3346381972628200E-03  0.3645029843771039E+03  0.2886E-12  729
 0.3326599315292060E-03  0.3650029809818800E+03  0.2411E-12  730
 0.3324292948072838E-03  0.3655029781382313E+03  0.4684E-12  731
 0.3331411745493874E-03  0.3660029737819791E+03  0.3245E-12  732
 0.3326481653090452E-03  0.3665029681549705E+03  0.5555E-12  733
 0.3306287102035175E-03  0.3670029633374609E+03  0.3981E-12  734
 0.3289256096522643E-03  0.3675029601810782E+03  0.7295E-12  735
 0.3288467930647652E-03  0.3680029572435256E+03  0.4374E-12  736
 0.3294807631388819E-03  0.3685029528822475E+03  0.2677E-12  737
 0.3290238322447339E-03  0.3690029474017760E+03  0.3536E-12  738
 0.3271619689694769E-03  0.3695029425530757E+03  0.8222E-12  739
 0.3253671019341129E-03  0.3700029392090233E+03  0.5382E-12  740
 0.3249386690444081E-03  0.3705029363751449E+03  0.3626E-12  741
 0.3254923759705853E-03  0.3710029325270542E+03  0.2463E-12  742
 0.3255264880129673E-03  0.3715029274014393E+03  0.2339E-12  743
 0.3242048430706648E-03  0.3720029222209768E+03  0.3340E-12  744
 0.3222550599407569E-03  0.3725029182136928E+03  0.3182E-12  745
 0.3210355405860600E-03  0.3730029152715504E+03  0.3632E-12  746
 0.3210544718167813E-03  0.3735029121980152E+03  0.3287E-12  747
 0.3215376953366246E-03  0.3740029080121308E+03  0.2387E-12  748
 0.3212898280293909E-03  0.3745029029025944E+03  0.2437E-12  749
 0.3198976190013367E-03  0.3750028979645728E+03  0.2013E-12  750
 0.3180674573601113E-03  0.3755028940694834E+03  0.3277E-12  751
 0.3168564276068913E-03  0.3760028910774177E+03  0.3145E-12  752
 0.3166981355488692E-03  0.3765028880724991E+03  0.1619E-12  753
 0.3170984601542881E-03  0.3770028842205651E+03  0.6137E-12  754
 0.3171251176337518E-03  0.3775028794557267E+03  0.5084E-12  755
 0.3162100536170973E-03  0.3780028744774010E+03  0.3087E-12  756
 0.3145810098597771E-03  0.3785028701177836E+03  0.2987E-12  757
 0.3130012577740114E-03  0.3790028666737477E+03  0.4656E-12  758
 0.3121348414280205E-03  0.3795028637473913E+03  0.2734E-12  759
 0.3120861630212405E-03  0.3800028606135194E+03  0.5696E-12  760
 0.3123904606306415E-03  0.3805028567497965E+03  0.4426E-12  761
 0.3123773679142446E-03  0.3810028521678653E+03  0.2167E-12  762
 0.3116328584339922E-03  0.3815028473591216E+03  0.2809E-12  763
 0.3102438608377038E-03  0.3820028429290721E+03  0.3736E-12  764
 0.3086878267227562E-03  0.3825028392044354E+03  0.2805E-12  765
 0.3074965199531877E-03  0.3830028360731247E+03  0.1820E-12  766
 0.3069485035113256E-03  0.3835028331068989E+03  0.3154E-12  767
 0.3069526961126835E-03  0.3840028298333657E+03  0.3241E-12  768
 0.3071395641120120E-03  0.3845028259839578E+03  0.6626E-12  769
 0.3070780853053260E-03  0.3850028216078129E+03  0.3219E-12  770
 0.3064949776713735E-03  0.3855028170151028E+03  0.2903E-12  771
 0.3053909022955342E-03  0.3860028125954286E+03  0.3620E-12  772
 0.3040047427261491E-03  0.3865028086265063E+03  0.2791E-12  773
 0.3026733643795963E-03  0.3870028051646930E+03  0.4676E-12  774
 0.3016749093757433E-03  0.3875028020565051E+03  0.2508E-12  775
 0.3011278450972042E-03  0.3880027990308826E+03  0.1799E-12  776
 0.3009709660612216E-03  0.3885027958186275E+03  0.4071E-12  777
 0.3010107306523790E-03  0.3890027922482676E+03  0.1607E-12  778
 0.3010064519766554E-03  0.3895027882921987E+03  0.2047E-12  779
 0.3007568556189909E-03  0.3900027840565361E+03  0.3042E-12  780
 0.3001611577783195E-03  0.3905027797284602E+03  0.1592E-12  781
 0.2992362654102471E-03  0.3910027755052365E+03  0.2452E-12  782
 0.2980929211989469E-03  0.3915027715323910E+03  0.2608E-12  783
 0.2968881985057703E-03  0.3920027678709097E+03  0.3072E-12  784
 0.2957744285196409E-03  0.3925027644957002E+03  0.3568E-12  785
 0.2948614745467465E-03  0.3930027613181421E+03  0.1963E-12  786
 0.2941986982319107E-03  0.3935027582189331E+03  0.1464E-12  787
 0.2937755067414275E-03  0.3940027550809407E+03  0.2789E-12  788
 0.2935344772292346E-03  0.3945027518125186E+03  0.1841E-12  789
 0.2933918814000642E-03  0.3950027483623201E+03  0.4065E-12  790
 0.2932580571851765E-03  0.3955027447202730E+03  0.1765E-12  791
 0.2930553803889995E-03  0.3960027409131849E+03  0.7267E-12  792
 0.2927291870770277E-03  0.3965027369916164E+03  0.1289E-12  793
 0.2922529861003223E-03  0.3970027330181258E+03  0.7117E-12  794
 0.2916265564794445E-03  0.3975027290536790E+03  0.1000E-12  795
 0.2908708730031506E-03  0.3980027251489423E+03  0.1352E-12  796
 0.2900199434846339E-03  0.3985027213389837E+03  0.1377E-12  797
 0.2891133181745236E-03  0.3990027176420627E+03  0.4736E-12  798
 0.2881894086028461E-03  0.3995027140613724E+03  0.2553E-12  799
 0.2872810614970723E-03  0.4000027105878171E+03  0.6183E-12  800
 0.2864129439446726E-03  0.4005027072042267E+03  0.3642E-12  801
 0.2856009859652622E-03  0.4010027038901188E+03  0.3359E-12  802
 0.2848528696303354E-03  0.4015027006237564E+03  0.1783E-12  803
 0.2841694255168209E-03  0.4020026973850829E+03  0.2143E-12  804
 0.2835462613915019E-03  0.4025026941572442E+03  0.2850E-12  805
 0.2829757184912098E-03  0.4030026909268860E+03  0.5692E-12  806
 0.2824480980527733E-03  0.4035026876848750E+03  0.3350E-12  807
 0.2819532986267277E-03  0.4040026844255971E+03  0.1500E-12  808
 0.2814817079719935E-03  0.4045026811467760E+03  0.1329E-12  809
 0.2810242413235999E-03  0.4050026778480850E+03  0.2335E-12  810
 0.2805734363084092E-03  0.4055026745313357E+03  0.2437E-12  811
 0.2801232663927243E-03  0.4060026711994082E+03  0.2252E-12  812
 0.2796689253150385E-03  0.4065026678556887E+03  0.1018E-12  813
 0.2792070207227256E-03  0.4070026645038087E+03  0.2622E-12  814
 0.2787350938168581E-03  0.4075026611475687E+03  0.3434E-12  815
 0.2782515908265402E-03  0.4080026577901356E+03  0.2942E-12  816
 0.2777555394697088E-03  0.4085026544344246E+03  0.2440E-12  817
 0.2772463986444560E-03  0.4090026510826181E+03  0.1104E-12  818
 0.2767240181480528E-03  0.4095026477365374E+03  0.1724E-12  819
 0.2761882221316514E-03  0.4100026443971278E+03  0.1946E-12  820
 0.2756390991646209E-03  0.4105026410650568E+03  0.5902E-12  821
 0.2750766262247352E-03  0.4110026377400007E+03  0.2428E-12  822
 0.2745010028209794E-03  0.4115026344211974E+03  0.1958E-12  823
 0.2739123546003386E-03  0.4120026311072704E+03  0.6707E-13  824
 0.2733112196737153E-03  0.4125026277966148E+03  0.3100E-12  825
 0.2726983471096400E-03  0.4130026244865795E+03  0.9620E-13  826
 0.2720748970250050E-03  0.4135026211741695E+03  0.4669E-12  827
 0.2714427002932802E-03  0.4140026178560914E+03  0.2141E-12  828
 0.2708045331735439E-03  0.4145026145290167E+03  0.1634E-12  829
 0.2701641138934407E-03  0.4150026111894137E+03  0.3133E-12  830
 0.2695263541835631E-03  0.4155026078344002E+03  0.9994E-13  831
 0.2688974398101339E-03  0.4160026044615711E+03  0.3236E-12  832
 0.2682848469795778E-03  0.4165026010696068E+03  0.2158E-12  833
 0.2676968013059129E-03  0.4170025976599548E+03  0.4853E-12  834
 0.2671427525270104E-03  0.4175025942350815E+03  0.1434E-12  835
 0.2666314544759953E-03  0.4180025908018319E+03  0.3126E-12  836
 0.2661713453893530E-03  0.4185025873691381E+03  0.2342E-12  837
 0.2657684475754962E-03  0.4190025839502288E+03  0.2816E-12  838
 0.2654254518401751E-03  0.4195025805607464E+03  0.3729E-12  839
 0.2651401885489240E-03  0.4200025772192336E+03  0.1606E-12  840
 0.2649041779589541E-03  0.4205025739450209E+03  0.1650E-12  841
 0.2647016048500920E-03  0.4210025707559703E+03  0.7873E-13  842
 0.2645094057032494E-03  0.4215025676658772E+03  0.7517E-13  843
 0.2642976263777432E-03  0.4220025646813730E+03  0.7821E-13  844
 0.2640321572937832E-03  0.4225025617983395E+03  0.1420E-12  845
 0.2636785159405830E-03  0.4230025589993554E+03  0.1781E-12  846
 0.2632074148082937E-03  0.4235025562531148E+03  0.1494E-12  847
 0.2626010775012715E-03  0.4240025535151177E+03  0.1629E-12  848
 0.2618592369507552E-03  0.4245025507324834E+03  0.4360E-12  849
 0.2610037246365286E-03  0.4250025478515935E+03  0.1473E-12  850
 0.2600793772911058E-03  0.4255025448272349E+03  0.2718E-12  851
 0.2591506364232465E-03  0.4260025416336545E+03  0.2812E-12  852
 0.2582928775927560E-03  0.4265025382738548E+03  0.1138E-12  853
 0.2575793222871237E-03  0.4270025347840391E+03  0.9676E-13  854
 0.2570651620841694E-03  0.4275025312338274E+03  0.6165E-13  855
 0.2567719506534929E-03  0.4280025277172107E+03  0.1782E-12  856
 0.2566755525563791E-03  0.4285025243358600E+03  0.2028E-12  857
 0.2567023989326977E-03  0.4290025211758861E+03  0.4696E-12  858
 0.2567381889344646E-03  0.4295025182831582E+03  0.2034E-12  859
 0.2566503543626429E-03  0.4300025156415594E+03  0.6079E-13  860
 0.2563230741391266E-03  0.4305025131653186E+03  0.3297E-12  861
 0.2556954674353045E-03  0.4310025107109961E+03  0.1001E-12  862
 0.2547912806521805E-03  0.4315025081147606E+03  0.1393E-12  863
 0.2537239138927598E-03  0.4320025052411916E+03  0.6092E-13  864
 0.2526716415709019E-03  0.4325025020332921E+03  0.1548E-12  865
 0.2518251402317313E-03  0.4330024985426319E+03  0.1281E-12  866
 0.2513232758638243E-03  0.4335024949250484E+03  0.2862E-12  867
 0.2511964909938947E-03  0.4340024913995192E+03  0.4810E-13  868
 0.2513398860772083E-03  0.4345024881763617E+03  0.2208E-12  869
 0.2515322038111192E-03  0.4350024853740400E+03  0.1613E-12  870
 0.2515085783577991E-03  0.4355024829545090E+03  0.2008E-12  871
 0.2510692594815884E-03  0.4360024807147317E+03  0.1312E-12  872
 0.2501811364867825E-03  0.4365024783550747E+03  0.8978E-13  873
 0.2490147090836090E-03  0.4370024756089421E+03  0.1717E-12  874
 0.2478843040347244E-03  0.4375024723739953E+03  0.1602E-12  875
 0.2471098722080078E-03  0.4380024687777440E+03  0.1174E-12  876
 0.2468611585558737E-03  0.4385024651367115E+03  0.4171E-12  877
 0.2470570057069397E-03  0.4390024618192767E+03  0.1240E-12  878
 0.2473759864241373E-03  0.4395024590594962E+03  0.2847E-12  879
 0.2474001382567703E-03  0.4400024568108833E+03  0.1555E-12  880
 0.2468438086425661E-03  0.4405024547333708E+03  0.1269E-12  881
 0.2457436044744271E-03  0.4410024523630680E+03  0.2448E-12  882
 0.2444679043343311E-03  0.4415024493873271E+03  0.4299E-12  883
 0.2435141591185425E-03  0.4420024458504482E+03  0.2749E-12  884
 0.2432084150463651E-03  0.4425024421531535E+03  0.1285E-12  885
 0.2434853852037117E-03  0.4430024388284305E+03  0.2638E-12  886
 0.2438903579428554E-03  0.4435024362077160E+03  0.1430E-12  887
 0.2438443305798567E-03  0.4440024341689286E+03  0.4264E-13  888
 0.2430475988785775E-03  0.4445024321688924E+03  0.2830E-12  889
 0.2417329778717762E-03  0.4450024296063629E+03  0.6213E-13  890
 0.2405310435324867E-03  0.4455024262734941E+03  0.2086E-12  891
 0.2400169050335730E-03  0.4460024225359197E+03  0.3144E-12  892
 0.2402712102515949E-03  0.4465024190919863E+03  0.8535E-13  893
 0.2407760889665057E-03  0.4470024164595033E+03  0.5569E-13  894
 0.2407719247928081E-03  0.4475024145349789E+03  0.1939E-12  895
 0.2398791547911953E-03  0.4480024126136738E+03  0.1504E-12  896
 0.2384679604542350E-03  0.4485024099549228E+03  0.1236E-12  897
 0.2373778138405941E-03  0.4490024064382054E+03  0.1244E-12  898
 0.2371985544633367E-03  0.4495024026994934E+03  0.8651E-13  899
 0.2377323828098467E-03  0.4500023996106275E+03  0.2453E-12  900
 0.2381091591076098E-03  0.4505023975010708E+03  0.3745E-12  901
 0.2375535012604752E-03  0.4510023957867784E+03  0.1020E-12  902
 0.2361683548121551E-03  0.4515023934678327E+03  0.2341E-12  903
 0.2348889116945455E-03  0.4520023901143758E+03  0.2441E-12  904
 0.2345755300826385E-03  0.4525023863261146E+03  0.1777E-12  905
 0.2351428996362877E-03  0.4530023831747722E+03  0.5886E-13  906
 0.2355808603758476E-03  0.4535023811320472E+03  0.3866E-12  907
 0.2349591804837574E-03  0.4540023795038454E+03  0.2098E-12  908
 0.2334778827805012E-03  0.4545023771094734E+03  0.1984E-12  909
 0.2323057660228038E-03  0.4550023735925564E+03  0.6288E-13  910
 0.2322985679854432E-03  0.4555023698529984E+03  0.2875E-12  911
 0.2330188402768542E-03  0.4560023670875177E+03  0.2806E-12  912
 0.2331517593821543E-03  0.4565023654190408E+03  0.3926E-13  913
 0.2320249126244772E-03  0.4570023636552753E+03  0.6265E-13  914
 0.2304919364228471E-03  0.4575023606828959E+03  0.1950E-12  915
 0.2299304852994697E-03  0.4580023568601321E+03  0.3010E-13  916
 0.2305509725234597E-03  0.4585023536212270E+03  0.1142E-12  917
 0.2310690479559910E-03  0.4590023517279843E+03  0.1207E-12  918
 0.2302697069818183E-03  0.4595023502220011E+03  0.5793E-12  919
 0.2286554844866757E-03  0.4600023475955430E+03  0.1093E-12  920
 0.2278387987299209E-03  0.4605023438194875E+03  0.1087E-12  921
 0.2283940009178735E-03  0.4610023404259493E+03  0.1400E-12  922
 0.2290282898550545E-03  0.4615023384869582E+03  0.9461E-13  923
 0.2282756456364525E-03  0.4620023370700877E+03  0.3508E-12  924
 0.2266230527664296E-03  0.4625023344600714E+03  0.4788E-13  925
 0.2258768936220357E-03  0.4630023306462410E+03  0.8597E-12  926
 0.2265625245466605E-03  0.4635023273820929E+03  0.2775E-12  927
 0.2270946136227407E-03  0.4640023256768941E+03  0.5461E-13  928
 0.2260544122789350E-03  0.4645023242087947E+03  0.3792E-12  929
 0.2244214047713699E-03  0.4650023212534272E+03  0.7187E-13  930
 0.2241173266364065E-03  0.4655023173798714E+03  0.3080E-12  931
 0.2250258836578533E-03  0.4660023146174757E+03  0.4395E-12  932
 0.2250841714441282E-03  0.4665023133009976E+03  0.1866E-12  933
 0.2235457407702682E-03  0.4670023114133452E+03  0.2798E-12  934
 0.2222930565276543E-03  0.4675023078447701E+03  0.1470E-12  935
 0.2227658143618614E-03  0.4680023042652227E+03  0.7023E-13  936
 0.2235454498798309E-03  0.4685023024180708E+03  0.1333E-12  937
 0.2226316937892118E-03  0.4690023011398956E+03  0.2492E-12  938
 0.2209300260457253E-03  0.4695022982465953E+03  0.7905E-13  939
 0.2207430463491779E-03  0.4700022943624957E+03  0.3363E-12  940
 0.2217470066651151E-03  0.4705022918817855E+03  0.8615E-13  941
 0.2214626247019859E-03  0.4710022907605995E+03  0.8023E-13  942
 0.2197004887769375E-03  0.4715022884649036E+03  0.4138E-12  943
 0.2189989335959945E-03  0.4720022845964388E+03  0.1093E-12  944
 0.2199709205451432E-03  0.4725022816746793E+03  0.2917E-12  945
 0.2200957902459820E-03  0.4730022805173626E+03  0.7020E-13  946
 0.2184031500895617E-03  0.4735022785850129E+03  0.3405E-13  947
 0.2174276952515510E-03  0.4740022748038365E+03  0.3856E-12  948
 0.2183460225976114E-03  0.4745022716845547E+03  0.2063E-12  949
 0.2186373559273389E-03  0.4750022705080897E+03  0.3672E-12  950
 0.2169659618431975E-03  0.4755022687020742E+03  0.2174E-13  951
 0.2159469442354457E-03  0.4760022649336617E+03  0.1754E-13  952
 0.2169048411827364E-03  0.4765022618446293E+03  0.1859E-12  953
 0.2171329146371615E-03  0.4770022607516909E+03  0.1381E-12  954
 0.2153796743333903E-03  0.4775022588394800E+03  0.1789E-12  955
 0.2145527804067863E-03  0.4780022549861179E+03  0.9011E-13  956
 0.2156368143460188E-03  0.4785022521711320E+03  0.3319E-13  957
 0.2155444299623381E-03  0.4790022512263386E+03  0.4674E-12  958
 0.2136775528280706E-03  0.4795022489398830E+03  0.1138E-12  959
 0.2133183351800218E-03  0.4800022450076592E+03  0.9989E-13  960
 0.2144747651651768E-03  0.4805022427520672E+03  0.2387E-12  961
 0.2137737138513648E-03  0.4810022418390498E+03  0.5413E-13  962
 0.2119768156330693E-03  0.4815022389018782E+03  0.9269E-13  963
 0.2123423130070850E-03  0.4820022351447847E+03  0.2097E-12  964
 0.2132341500069470E-03  0.4825022336732332E+03  0.1262E-12  965
 0.2117609661872941E-03  0.4830022323690990E+03  0.1361E-12  966
 0.2105274994169400E-03  0.4835022287010580E+03  0.1606E-12  967
 0.2116006072494461E-03  0.4840022256781006E+03  0.2040E-13  968
 0.2116098173568126E-03  0.4845022248397203E+03  0.1553E-13  969
 0.2096809483974425E-03  0.4850022225114080E+03  0.3018E-12  970
 0.2096187002325958E-03  0.4855022185946358E+03  0.1553E-12  971
 0.2107333191822917E-03  0.4860022168613934E+03  0.1251E-12  972
 0.2094282048724075E-03  0.4865022157887958E+03  0.3951E-13  973
 0.2080700363662723E-03  0.4870022122032676E+03  0.7439E-13  974
 0.2091785683422855E-03  0.4875022091824221E+03  0.9818E-13  975
 0.2091048793865884E-03  0.4880022084369660E+03  0.1395E-12  976
 0.2071534398486032E-03  0.4885022059259890E+03  0.5735E-13  977
 0.2074272254680417E-03  0.4890022021008065E+03  0.8340E-12  978
 0.2083466600676198E-03  0.4895022008093392E+03  0.3106E-12  979
 0.2066314989236450E-03  0.4900021993779094E+03  0.1446E-13  980
 0.2058726364006343E-03  0.4905021954837736E+03  0.1905E-12  981
 0.2071731236514302E-03  0.4910021932801191E+03  0.3068E-12  982
 0.2061820111237184E-03  0.4915021924933262E+03  0.6218E-13  983
 0.2046416776803132E-03  0.4920021890628205E+03  0.7924E-13  984
 0.2057867294364797E-03  0.4925021860278409E+03  0.1900E-12  985
 0.2056045655904414E-03  0.4930021853976004E+03  0.7071E-13  986
 0.2036718457216390E-03  0.4935021826366859E+03  0.2240E-12  987
 0.2043787992691945E-03  0.4940021790506422E+03  0.1483E-12  988
 0.2048482866661770E-03  0.4945021782513337E+03  0.2501E-13  989
 0.2028394068935430E-03  0.4950021761216736E+03  0.4048E-13  990
 0.2030551123350171E-03  0.4955021722634132E+03  0.3539E-12  991
 0.2039524902774548E-03  0.4960021711681104E+03  0.2901E-13  992
 0.2020383336968545E-03  0.4965021695187401E+03  0.1782E-13  993
 0.2018460637754627E-03  0.4970021655753872E+03  0.1539E-12  994
 0.2029827730639548E-03  0.4975021642024931E+03  0.1163E-12  995
 0.2012035677173033E-03  0.4980021628634407E+03  0.3594E-13  996
 0.2007425824877483E-03  0.4985021589207537E+03  0.1280E-12  997
 0.2019940732501908E-03  0.4990021573697107E+03  0.2769E-12  998
 0.2003043640527710E-03  0.4995021561921161E+03  0.2548E-13  999
